\INPUT_FILE = /exodata/ETSS-prep/KELT/doN02/raw/KELT_N02_lc_007084_V01_west_tfa.dat
\INPUT_TYPE = "RAW"
\START_DATE = "Fri Oct 27, 07:06:26 2006"               
\STOP_DATE = "Mon Nov 24, 09:34:38 2008"               
\fixlen = T
\NUMRECORDS = 597      
\
\ This file was produced by the NASA Exoplanet Archive  http://exoplanetarchive.ipac.caltech.edu 
\ Thu Feb 25, 17:06:57 2016
\ Documentation for the KELT Survey dataset can be found at http://exoplanetarchive.ipac.caltech.edu/docs/KELT.html
\
|          TIME|     MAG|MAG_ERR|
|          real|    real|   real|
|             d|     mag|    mag|
|          null|    null|   null|
 2454035.796138 15.04940 0.01867 
 2454035.796138 15.04950 0.01867 
 2454035.801601 15.06500 0.01693 
 2454036.792748 15.03903 0.01882 
 2454036.798212 15.05422 0.01691 
 2454036.803677 15.03021 0.01599 
 2454037.790288 15.04628 0.01731 
 2454037.795751 15.06508 0.01576 
 2454037.801215 15.03610 0.01543 
 2454038.786837 15.02601 0.01733 
 2454038.792301 15.06266 0.01593 
 2454038.797767 15.02576 0.01659 
 2454039.786156 15.02191 0.02097 
 2454040.782391 15.04436 0.02534 
 2454048.758326 15.04168 0.02652 
 2454048.769051 15.02316 0.02306 
 2454048.774412 15.08075 0.02229 
 2454048.779774 15.09658 0.02371 
 2454050.753257 15.02809 0.02245 
 2454050.758623 15.05711 0.02092 
 2454050.763985 15.05811 0.01947 
 2454050.769353 15.04182 0.02006 
 2454052.754611 15.02010 0.01825 
 2454052.759974 15.04780 0.01836 
 2454052.765340 15.05158 0.01769 
 2454052.770701 15.06631 0.01761 
 2454053.747612 15.06002 0.01816 
 2454053.758345 15.06509 0.01679 
 2454053.763714 15.08077 0.01632 
 2454053.769083 15.06803 0.01607 
 2454054.744176 15.02025 0.01805 
 2454054.754916 15.08195 0.01553 
 2454054.760287 15.06287 0.01506 
 2454054.765656 15.03963 0.01607 
 2454055.738458 15.06099 0.01755 
 2454055.749196 15.07983 0.01575 
 2454055.754566 15.06160 0.01569 
 2454055.759929 15.04932 0.01607 
 2454055.765298 15.06926 0.01558 
 2454056.739140 15.01790 0.02034 
 2454056.749872 15.04413 0.01732 
 2454056.755241 15.06171 0.01724 
 2454056.760609 15.03496 0.01680 
 2454057.734189 15.05383 0.01951 
 2454057.744929 15.05545 0.01825 
 2454057.750291 15.06101 0.01762 
 2454057.755659 15.04475 0.01766 
 2454057.761029 15.06579 0.01855 
 2454058.744484 15.04705 0.01816 
 2454058.749848 15.05178 0.01636 
 2454058.755216 15.03947 0.01775 
 2454059.730258 15.08184 0.01807 
 2454059.735624 15.08743 0.01591 
 2454059.740993 15.05828 0.01701 
 2454059.746355 15.05019 0.01667 
 2454059.751725 15.04265 0.01760 
 2454060.728783 15.04305 0.01817 
 2454060.739524 15.07494 0.01642 
 2454060.744893 15.06372 0.01623 
 2454060.750255 15.02517 0.01560 
 2454061.722118 15.05798 0.01779 
 2454061.727488 15.06285 0.01631 
 2454061.732857 15.03645 0.01647 
 2454061.738226 15.06195 0.01595 
 2454061.743597 15.06953 0.01498 
 2454066.711492 15.05664 0.02091 
 2454077.691249 15.04540 0.02464 
 2454077.696620 15.02261 0.02506 
 2454077.701990 15.09607 0.02379 
 2454079.672519 15.05825 0.01551 
 2454079.677036 15.04431 0.01528 
 2454079.681552 15.05291 0.01544 
 2454079.686077 15.05158 0.01539 
 2454079.690600 15.07492 0.01550 
 2454079.695114 15.07846 0.01547 
 2454079.702584 15.08219 0.01624 
 2454079.707953 15.05523 0.01657 
 2454079.713321 15.07510 0.01526 
 2454079.718682 15.05602 0.01693 
 2454079.724050 15.04883 0.01751 
 2454079.759937 15.06194 0.01612 
 2454079.768968 15.02366 0.03851 
 2454080.671458 15.05204 0.01839 
 2454080.682195 15.05342 0.01570 
 2454080.687562 15.03844 0.01640 
 2454080.692929 15.07171 0.01642 
 2454081.673345 15.06121 0.01607 
 2454081.678713 15.04805 0.01743 
 2454081.684082 15.05400 0.01663 
 2454081.689451 15.04987 0.01579 
 2454083.674103 15.02001 0.02269 
 2454083.679473 15.06815 0.01792 
 2454083.684834 15.05067 0.01923 
 2454093.643970 15.05270 0.01740 
 2454093.649544 15.02616 0.01574 
 2454093.655121 15.03548 0.01689 
 2454094.651041 15.02601 0.01787 
 2454107.602977 15.03736 0.01570 
 2454107.608549 15.04914 0.01587 
 2454107.614119 15.03885 0.01530 
 2454108.598930 15.05589 0.01633 
 2454108.604493 15.03652 0.01611 
 2454108.610056 15.05551 0.01487 
 2454362.907062 15.05905 0.01597 
 2454362.912605 15.05900 0.01611 
 2454363.903042 15.04602 0.01488 
 2454363.908597 15.03960 0.01599 
 2454378.861883 15.09558 0.01509 
 2454381.853588 15.04242 0.01597 
 2454381.859134 15.06923 0.01603 
 2454382.851098 15.07146 0.01644 
 2454384.845291 15.02366 0.01635 
 2454384.850843 15.04374 0.01651 
 2454385.843495 15.05785 0.01511 
 2454386.840028 15.02809 0.01628 
 2454386.845578 15.04990 0.01598 
 2454388.832463 15.03878 0.01572 
 2454389.829958 15.00826 0.01688 
 2454391.825905 15.01829 0.01664 
 2454392.820761 15.04703 0.01604 
 2454393.819097 15.08940 0.01541 
 2454395.810092 15.05862 0.02382 
 2454395.815647 15.06177 0.02158 
 2454404.790024 15.05616 0.01978 
 2454405.791241 15.06328 0.02428 
 2454407.783322 15.02297 0.01649 
 2454408.779689 15.03750 0.01672 
 2454409.778091 15.03517 0.01632 
 2454412.768413 15.06219 0.01634 
 2454412.773964 15.04401 0.01592 
 2454413.766817 15.06119 0.01572 
 2454414.764021 15.03932 0.01662 
 2454414.769574 15.05967 0.01988 
 2454416.757388 15.04545 0.01440 
 2454416.762754 15.05288 0.01406 
 2454416.768115 15.05385 0.01521 
 2454437.700178 15.04895 0.01471 
 2454438.697134 15.04811 0.01652 
 2454439.693856 15.07094 0.01530 
 2454439.699267 15.06549 0.01508 
 2454447.672188 15.06130 0.01559 
 2454447.677597 15.03424 0.01536 
 2454448.666253 15.07098 0.01553 
 2454448.671703 15.04829 0.01627 
 2454448.677119 15.04684 0.01561 
 2454449.666915 15.05304 0.01532 
 2454450.664386 15.09363 0.01554 
 2454460.634944 15.05594 0.02256 
 2454460.640304 15.07014 0.02297 
 2454461.630294 15.09324 0.01645 
 2454461.635650 15.05329 0.01715 
 2454461.641009 15.04867 0.01716 
 2454462.631829 15.03842 0.01657 
 2454462.637189 15.03409 0.01676 
 2454463.627305 15.05421 0.01548 
 2454463.632664 15.06075 0.01545 
 2454464.622717 15.02722 0.01613 
 2454464.628076 15.04187 0.01622 
 2454464.633437 15.03316 0.01569 
 2454465.623549 15.01829 0.01590 
 2454465.628908 15.07187 0.01571 
 2454731.906846 15.03505 0.01934 
 2454731.913903 15.04197 0.01846 
 2454731.920953 15.05905 0.01631 
 2454731.928018 15.03757 0.01665 
 2454731.935075 15.02641 0.01807 
 2454731.942128 15.03247 0.01858 
 2454731.949184 15.03420 0.01813 
 2454731.956232 15.05140 0.01855 
 2454731.960957 15.02667 0.01961 
 2454731.965660 15.03528 0.02015 
 2454731.970378 15.05635 0.02040 
 2454731.991444 15.03171 0.01870 
 2454731.993643 15.09629 0.01911 
 2454731.995831 15.05610 0.01907 
 2454731.998037 15.06082 0.01808 
 2454732.000225 15.06284 0.01864 
 2454732.002434 15.06004 0.01957 
 2454732.004629 15.04210 0.01972 
 2454732.006828 15.02810 0.02099 
 2454732.009028 15.07676 0.02322 
 2454732.011219 15.07056 0.02649 
 2454732.013426 15.06007 0.03168 
 2454732.911568 15.06238 0.01636 
 2454732.918624 15.03516 0.01496 
 2454732.925683 15.05737 0.01563 
 2454732.932736 15.05055 0.01678 
 2454732.939785 15.04861 0.01706 
 2454732.946843 15.03298 0.01642 
 2454732.953893 15.04188 0.01714 
 2454732.958605 15.05066 0.01769 
 2454732.963321 15.06503 0.01844 
 2454732.968038 15.07045 0.01844 
 2454732.989102 15.05846 0.01673 
 2454732.991292 15.03594 0.01660 
 2454732.993501 15.06313 0.01655 
 2454732.995701 15.04378 0.01723 
 2454732.997901 15.05589 0.01739 
 2454733.000096 15.05890 0.01769 
 2454733.002288 15.05125 0.01743 
 2454733.004495 15.04855 0.01786 
 2454733.006681 15.03399 0.01894 
 2454733.008892 15.05046 0.02077 
 2454733.011090 15.05661 0.02353 
 2454733.013279 15.06047 0.02825 
 2454733.901125 15.06141 0.01503 
 2454733.911292 15.06251 0.01609 
 2454733.921461 15.05136 0.01514 
 2454733.975612 15.04686 0.01497 
 2454733.987543 15.02331 0.01469 
 2454733.992276 15.05117 0.01600 
 2454733.997003 15.03884 0.01602 
 2454734.001726 15.05902 0.01615 
 2454734.006453 15.06033 0.01784 
 2454734.011183 15.07099 0.02237 
 2454734.905837 15.07129 0.01567 
 2454734.918267 15.07278 0.01649 
 2454734.930691 15.06647 0.01668 
 2454734.943120 15.04955 0.01685 
 2454734.960785 15.07480 0.01561 
 2454734.976174 15.03560 0.01512 
 2454735.007888 15.03065 0.01982 
 2454737.895504 15.06662 0.01530 
 2454737.907936 15.05259 0.01483 
 2454737.920366 15.06099 0.01557 
 2454737.932813 15.04687 0.01503 
 2454737.945293 15.05691 0.01494 
 2454737.975308 15.06019 0.01497 
 2454737.985491 15.05141 0.01607 
 2454737.995667 15.04594 0.01571 
 2454738.005848 15.07627 0.01588 
 2454738.016019 15.06898 0.03216 
 2454738.895219 15.06659 0.01462 
 2454738.907643 15.05541 0.01419 
 2454738.920061 15.06986 0.01532 
 2454738.932473 15.04377 0.01431 
 2454738.972448 15.05410 0.01324 
 2454738.982609 15.07487 0.01509 
 2454738.992772 15.04120 0.01411 
 2454739.002951 15.06860 0.01465 
 2454739.015405 15.06669 0.02744 
 2454739.891311 15.06637 0.01520 
 2454739.903730 15.03351 0.01461 
 2454739.916144 15.03904 0.01323 
 2454739.928556 15.07683 0.01497 
 2454739.941012 15.04980 0.01494 
 2454739.991322 15.05540 0.01455 
 2454740.001486 15.03498 0.01434 
 2454741.887485 15.06336 0.01643 
 2454741.899906 15.06513 0.01616 
 2454741.912318 15.06689 0.01647 
 2454741.924734 15.07007 0.01710 
 2454741.934719 15.04610 0.01641 
 2454741.964697 15.04635 0.01613 
 2454741.974875 15.04517 0.01741 
 2454741.985039 15.03945 0.01555 
 2454741.995205 15.04896 0.01454 
 2454742.007665 15.06729 0.01622 
 2454742.897478 15.06655 0.01544 
 2454742.909906 15.04876 0.01505 
 2454742.922331 15.06066 0.01400 
 2454742.972515 15.06783 0.01555 
 2454742.982695 15.05671 0.01416 
 2454742.992869 15.06664 0.01395 
 2454743.005360 15.04855 0.01439 
 2454743.015363 15.07084 0.02049 
 2454743.880195 15.05946 0.02021 
 2454743.892611 15.06479 0.01537 
 2454743.905025 15.05931 0.01350 
 2454743.929876 15.06333 0.01591 
 2454743.980153 15.05395 0.01655 
 2454743.990306 15.04364 0.01588 
 2454744.002750 15.04946 0.01397 
 2454744.012736 15.05253 0.01652 
 2454745.873877 15.03568 0.01441 
 2454745.886296 15.07265 0.01402 
 2454745.898707 15.05831 0.01548 
 2454745.911117 15.05125 0.01579 
 2454745.923577 15.04301 0.01520 
 2454745.973874 15.05199 0.01774 
 2454745.984047 15.06340 0.01771 
 2454745.996517 15.06490 0.01717 
 2454746.006531 15.04595 0.01585 
 2454746.016512 15.07759 0.02380 
 2454746.873787 15.04676 0.01694 
 2454746.886196 15.04810 0.01597 
 2454746.898609 15.07869 0.01574 
 2454746.911015 15.02148 0.01683 
 2454746.961114 15.05229 0.01762 
 2454746.971263 15.06041 0.01712 
 2454746.981423 15.07776 0.01950 
 2454746.993882 15.05554 0.01862 
 2454747.003869 15.05412 0.01716 
 2454747.013857 15.02423 0.02063 
 2454747.870728 15.05195 0.01660 
 2454747.883144 15.04718 0.01597 
 2454747.895556 15.07339 0.01674 
 2454747.907964 15.02628 0.01595 
 2454747.917946 15.04972 0.01617 
 2454747.968236 15.03523 0.01653 
 2454747.978394 15.07928 0.01796 
 2454747.990849 15.07325 0.01845 
 2454748.000857 15.04686 0.01809 
 2454748.010841 15.07125 0.01941 
 2454748.868068 15.05380 0.01463 
 2454748.880441 15.05600 0.01489 
 2454748.892818 15.06451 0.01605 
 2454748.905191 15.08365 0.01582 
 2454748.915150 15.06271 0.01610 
 2454748.935061 15.04007 0.01749 
 2454748.965290 15.07769 0.01590 
 2454748.975422 15.08604 0.01686 
 2454748.987838 15.06148 0.01687 
 2454748.997800 15.04393 0.01666 
 2454749.007759 15.05535 0.01580 
 2454749.017711 15.04933 0.02227 
 2454749.865403 15.05496 0.01775 
 2454749.877826 15.03899 0.01595 
 2454749.890245 15.04365 0.01727 
 2454749.902658 15.03038 0.01581 
 2454749.942627 15.05101 0.01693 
 2454749.952799 15.03059 0.01683 
 2454749.962973 15.05538 0.01561 
 2454749.973141 15.06194 0.01726 
 2454749.985609 15.04524 0.01701 
 2454749.995604 15.04011 0.02548 
 2454750.005593 15.06878 0.03492 
 2454750.015579 15.07760 0.02043 
 2454758.836382 15.07242 0.02701 
 2454758.843551 15.05011 0.02622 
 2454758.850719 15.05827 0.02375 
 2454758.857884 15.08087 0.02565 
 2454758.865044 15.03885 0.02594 
 2454758.872204 15.07130 0.02570 
 2454758.879351 15.04785 0.02668 
 2454758.886418 15.03878 0.02595 
 2454758.891146 15.04029 0.02555 
 2454758.900600 15.05173 0.02559 
 2454758.921705 15.06253 0.02076 
 2454758.923912 15.07353 0.02157 
 2454758.926115 15.04936 0.02338 
 2454758.928322 15.04922 0.02441 
 2454758.930522 15.05951 0.02535 
 2454758.932724 15.06078 0.02596 
 2454758.934932 15.07666 0.02595 
 2454758.937137 15.07468 0.02542 
 2454758.939342 15.05911 0.02468 
 2454758.941543 15.02881 0.02440 
 2454758.943748 15.05856 0.02372 
 2454758.945947 15.02620 0.02344 
 2454758.948150 15.05201 0.02301 
 2454758.950352 15.05484 0.02233 
 2454758.952555 15.06369 0.02149 
 2454758.954760 15.06875 0.02222 
 2454758.959855 15.04392 0.02613 
 2454759.832185 15.05482 0.02159 
 2454759.839255 15.05855 0.01730 
 2454759.846312 15.05390 0.01691 
 2454759.853369 15.04794 0.01920 
 2454759.860426 15.05119 0.02025 
 2454759.867484 15.01594 0.01982 
 2454759.874542 15.05498 0.01882 
 2454759.881601 15.05989 0.01792 
 2454759.886312 15.04483 0.01908 
 2454759.891041 15.05233 0.01833 
 2454759.916829 15.05249 0.02068 
 2454759.919023 15.04460 0.02096 
 2454759.921230 15.04641 0.02088 
 2454759.923419 15.06194 0.02077 
 2454759.925629 15.05985 0.02051 
 2454759.927830 15.06316 0.01995 
 2454759.930021 15.07227 0.01954 
 2454759.932232 15.06808 0.02006 
 2454759.934423 15.04403 0.02130 
 2454759.936633 15.06318 0.02112 
 2454759.938835 15.03753 0.02099 
 2454759.941028 15.06135 0.02112 
 2454759.943238 15.07610 0.02174 
 2454759.945426 15.05182 0.02187 
 2454759.947637 15.08199 0.02196 
 2454759.949841 15.02864 0.02278 
 2454759.952034 15.03623 0.02257 
 2454759.954240 15.03236 0.02210 
 2454759.956432 15.07960 0.02143 
 2454759.958643 15.05508 0.02141 
 2454759.960845 15.06600 0.02082 
 2454759.963038 15.07317 0.02078 
 2454759.965246 15.06755 0.02044 
 2454759.967438 15.06355 0.02111 
 2454759.969649 15.05173 0.02084 
 2454759.971850 15.02811 0.02057 
 2454759.974047 15.08392 0.02044 
 2454759.976255 15.05102 0.02011 
 2454759.978445 15.05219 0.02080 
 2454759.980655 15.05562 0.02247 
 2454759.982856 15.04076 0.02393 
 2454760.828970 15.06527 0.01701 
 2454760.839132 15.03568 0.02149 
 2454760.849290 15.06021 0.01972 
 2454760.859454 15.04013 0.01924 
 2454760.869619 15.02618 0.02021 
 2454760.879783 15.05073 0.02010 
 2454760.912836 15.05398 0.01955 
 2454760.917559 15.03143 0.01846 
 2454760.922284 15.06067 0.01710 
 2454760.927010 15.05606 0.01802 
 2454760.931731 15.05023 0.02059 
 2454760.936452 15.04634 0.02008 
 2454760.941168 15.06531 0.01899 
 2454760.945885 15.06887 0.01722 
 2454760.950601 15.06065 0.01893 
 2454777.788205 15.05747 0.01885 
 2454777.800129 15.02691 0.01698 
 2454777.812060 15.06670 0.01774 
 2454777.823994 15.04034 0.01716 
 2454777.845588 15.06117 0.01804 
 2454777.894135 15.04197 0.01775 
 2454777.903926 15.05696 0.01867 
 2454777.915896 15.05581 0.01827 
 2454777.944695 15.07294 0.01800 
 2454778.778065 15.03621 0.02337 
 2454778.785702 15.04018 0.02338 
 2454778.793361 15.03204 0.02639 
 2454778.808645 15.06953 0.02227 
 2454778.826093 15.09148 0.02379 
 2454778.840931 15.05007 0.02258 
 2454778.848354 15.04867 0.02194 
 2454778.863188 15.03587 0.02274 
 2454779.776836 15.04508 0.02363 
 2454786.759329 15.06372 0.02735 
 2454786.766112 15.04682 0.02295 
 2454786.772896 15.03140 0.02213 
 2454786.779694 15.05129 0.02294 
 2454786.786478 15.03419 0.02374 
 2454786.793271 15.08263 0.02400 
 2454786.800061 15.02543 0.02451 
 2454786.806870 15.05276 0.02586 
 2454786.811415 15.03380 0.02742 
 2454786.815957 15.07046 0.02833 
 2454786.820506 15.07368 0.02832 
 2454786.825049 15.05495 0.02799 
 2454786.829579 15.06003 0.02724 
 2454786.834127 15.09500 0.02744 
 2454786.838672 15.02732 0.02958 
 2454786.843210 15.03188 0.02669 
 2454786.845312 15.04733 0.02568 
 2454786.847428 15.05814 0.02564 
 2454786.849541 15.06846 0.02530 
 2454786.851651 15.06793 0.02486 
 2454786.853764 15.04344 0.02658 
 2454786.855874 15.02927 0.02687 
 2454786.857990 15.08074 0.02696 
 2454786.860099 15.02355 0.02725 
 2454786.862208 15.08576 0.02758 
 2454786.864316 15.05183 0.02724 
 2454786.866432 15.02131 0.02708 
 2454786.868542 15.08237 0.02709 
 2454786.870655 15.04068 0.02693 
 2454786.872766 15.03535 0.02710 
 2454786.874879 15.05398 0.02704 
 2454786.876989 15.05719 0.02686 
 2454786.879104 15.03795 0.02690 
 2454786.881219 15.07314 0.02707 
 2454786.883335 15.04350 0.02789 
 2454786.885442 15.05524 0.02754 
 2454786.887552 15.02082 0.02838 
 2454786.889662 15.07914 0.02821 
 2454786.891777 15.03348 0.02880 
 2454786.893885 15.01949 0.02879 
 2454786.895990 15.02346 0.02850 
 2454786.898099 15.04574 0.02917 
 2454786.900212 15.06410 0.02933 
 2454786.902326 15.05209 0.02895 
 2454786.904441 15.03509 0.02842 
 2454786.906551 15.05164 0.02806 
 2454786.908661 15.03757 0.02810 
 2454786.910772 15.04273 0.02748 
 2454786.912882 15.04904 0.02749 
 2454786.917097 15.06603 0.02873 
 2454786.919207 15.07243 0.02817 
 2454787.755338 15.03913 0.01820 
 2454787.765136 15.05139 0.02362 
 2454787.774938 15.05604 0.02018 
 2454787.784756 15.02478 0.02132 
 2454787.804375 15.04712 0.02155 
 2454787.808917 15.05368 0.02164 
 2454787.813453 15.05190 0.02022 
 2454787.817993 15.05471 0.02288 
 2454787.822534 15.09549 0.02390 
 2454787.831623 15.05723 0.02366 
 2454787.843094 15.07740 0.02095 
 2454787.847629 15.08923 0.01983 
 2454787.852169 15.05549 0.02081 
 2454787.856716 15.05979 0.02217 
 2454787.861253 15.04393 0.02217 
 2454787.865793 15.05699 0.02181 
 2454787.870330 15.05559 0.02122 
 2454787.874870 15.05875 0.02060 
 2454787.879407 15.03638 0.02255 
 2454787.883956 15.04323 0.02281 
 2454787.888496 15.03924 0.02317 
 2454787.893043 15.04356 0.02284 
 2454787.897576 15.05163 0.02270 
 2454787.902121 15.03680 0.02270 
 2454787.906661 15.05432 0.02350 
 2454787.911205 15.02671 0.02426 
 2454787.915743 15.03414 0.02529 
 2454788.755449 15.03341 0.01849 
 2454788.765250 15.06226 0.01902 
 2454788.775055 15.04444 0.01879 
 2454788.794654 15.05133 0.01847 
 2454788.808996 15.03417 0.02070 
 2454788.813538 15.03569 0.02139 
 2454788.818070 15.05216 0.02030 
 2454788.822608 15.03634 0.02115 
 2454788.827150 15.04008 0.02139 
 2454788.836222 15.06043 0.01944 
 2454788.840762 15.04954 0.01897 
 2454788.845304 15.05122 0.01856 
 2454788.849853 15.03671 0.01918 
 2454788.854385 15.06881 0.02089 
 2454788.858931 15.05161 0.02065 
 2454788.863468 15.02133 0.02009 
 2454788.868010 15.06398 0.01923 
 2454788.872553 15.05737 0.01907 
 2454788.877099 15.04328 0.01886 
 2454788.881637 15.06026 0.01997 
 2454788.886181 15.06831 0.02046 
 2454788.890723 15.04735 0.02054 
 2454788.895264 15.03261 0.02042 
 2454788.899818 15.05571 0.02036 
 2454788.904360 15.08319 0.02043 
 2454788.908895 15.05358 0.02024 
 2454788.913430 15.08249 0.02044 
 2454789.754110 15.05144 0.01434 
 2454789.766079 15.05293 0.01593 
 2454789.778041 15.05852 0.01715 
 2454789.789988 15.07923 0.01684 
 2454789.801956 15.04497 0.01714 
 2454789.809373 15.04703 0.01799 
 2454789.831644 15.06130 0.02007 
 2454789.846950 15.06533 0.01936 
 2454789.854585 15.07303 0.01944 
 2454789.862234 15.02646 0.02139 
 2454789.869881 15.05846 0.02000 
 2454789.877527 15.05562 0.02017 
 2454789.882064 15.05997 0.01967 
 2454789.886602 15.04097 0.01931 
 2454789.891142 15.04910 0.01924 
 2454789.895680 15.04465 0.01986 
 2454789.900219 15.02117 0.02007 
 2454789.904765 15.04718 0.02030 
 2454789.911685 15.06096 0.01977 
 2454790.750743 15.06455 0.01522 
 2454790.762704 15.04953 0.01814 
 2454790.798579 15.06014 0.01822 
 2454790.835882 15.04702 0.01723 
 2454790.858813 15.07411 0.01946 
 2454790.866473 15.06153 0.01864 
 2454790.874105 15.05126 0.01792 
 2454790.878635 15.04342 0.01791 
 2454790.883177 15.02289 0.01720 
 2454790.887715 15.05035 0.01661 
 2454790.892253 15.04714 0.01680 
 2454790.896789 15.05712 0.01885 
 2454790.901313 15.05273 0.01793 
 2454790.908235 15.04105 0.01801 
 2454791.749116 15.05542 0.01547 
 2454791.761086 15.02398 0.01566 
 2454791.773037 15.05055 0.01593 
 2454791.784978 15.06767 0.01608 
 2454791.828055 15.07162 0.01809 
 2454791.847657 15.04816 0.01656 
 2454791.874688 15.07114 0.01787 
 2454791.882096 15.07159 0.01922 
 2454791.889512 15.07687 0.02285 
 2454791.896929 15.03206 0.01934 
 2454791.904346 15.04922 0.01907 
 2454792.757885 15.07057 0.01747 
 2454792.769829 15.05832 0.01351 
 2454792.781785 15.05237 0.01573 
 2454792.875863 15.04583 0.02104 
 2454792.885475 15.06255 0.01945 
 2454792.904719 15.04235 0.01553 
 2454793.777071 15.04975 0.01575 
 2454794.740211 15.05090 0.01479 
 2454794.752176 15.05214 0.01687 
 2454794.764138 15.06748 0.01662 
 2454794.776090 15.05607 0.01583 
 2454794.790295 15.04710 0.01484 
 2454794.809543 15.05673 0.01757 
 2454794.828960 15.07415 0.01590 
 2454794.838759 15.04424 0.01597 
 2454794.860584 15.05654 0.02029 
 2454794.870191 15.05664 0.01528 
 2454794.889436 15.06207 0.01713 
 2454794.899059 15.06247 0.01497 
