\INPUT_FILE = /exodata/ETSS-prep/KELT/doN02/raw/KELT_N02_lc_004786_V01_west_tfa.dat
\INPUT_TYPE = "RAW"
\START_DATE = "Fri Oct 27, 07:06:26 2006"               
\STOP_DATE = "Mon Nov 24, 09:34:38 2008"               
\fixlen = T
\NUMRECORDS = 594      
\
\ This file was produced by the NASA Exoplanet Archive  http://exoplanetarchive.ipac.caltech.edu 
\ Thu Feb 25, 17:10:00 2016
\ Documentation for the KELT Survey dataset can be found at http://exoplanetarchive.ipac.caltech.edu/docs/KELT.html
\
|          TIME|     MAG|MAG_ERR|
|          real|    real|   real|
|             d|     mag|    mag|
|          null|    null|   null|
 2454035.796138 14.19360 0.00972 
 2454035.796138 14.19630 0.00972 
 2454035.796138 14.19808 0.00972 
 2454035.801601 14.19055 0.00894 
 2454036.792748 14.19768 0.00959 
 2454036.798212 14.17112 0.00888 
 2454036.803677 14.20569 0.00817 
 2454037.790288 14.19568 0.00919 
 2454037.795751 14.19658 0.00843 
 2454037.801215 14.20765 0.00825 
 2454038.786837 14.19476 0.00896 
 2454038.792301 14.19446 0.00851 
 2454039.786156 14.18910 0.01053 
 2454040.782391 14.19863 0.01242 
 2454048.758326 14.16341 0.01301 
 2454048.769051 14.18253 0.01140 
 2454048.774412 14.19969 0.01103 
 2454048.779774 14.19773 0.01177 
 2454050.753257 14.17442 0.01130 
 2454050.758623 14.20448 0.01061 
 2454050.763985 14.17498 0.00992 
 2454050.769353 14.20844 0.01022 
 2454052.749244 14.17822 0.01064 
 2454052.754611 14.18114 0.00921 
 2454052.759974 14.21913 0.00937 
 2454052.765340 14.18190 0.00912 
 2454052.770701 14.20920 0.00901 
 2454053.747612 14.20986 0.00962 
 2454053.763714 14.18492 0.00884 
 2454053.769083 14.16530 0.00859 
 2454054.744176 14.18823 0.00951 
 2454054.754916 14.18400 0.00843 
 2454054.760287 14.18661 0.00825 
 2454054.765656 14.19007 0.00867 
 2454055.738458 14.22306 0.00926 
 2454055.749196 14.18273 0.00853 
 2454055.754566 14.20313 0.00846 
 2454055.759929 14.20037 0.00862 
 2454055.765298 14.17846 0.00851 
 2454056.739140 14.17682 0.01055 
 2454056.744508 14.18792 0.00860 
 2454056.749872 14.20507 0.00906 
 2454056.755241 14.18344 0.00921 
 2454056.760609 14.17943 0.00892 
 2454057.734189 14.20065 0.01004 
 2454057.744929 14.16375 0.00950 
 2454057.750291 14.20815 0.00924 
 2454057.755659 14.18370 0.00928 
 2454057.761029 14.19014 0.00969 
 2454058.733748 14.19647 0.00929 
 2454058.744484 14.20810 0.00949 
 2454058.749848 14.16623 0.00880 
 2454058.755216 14.20105 0.00930 
 2454059.730258 14.20454 0.00956 
 2454059.735624 14.18252 0.00856 
 2454059.740993 14.19349 0.00897 
 2454059.746355 14.20092 0.00884 
 2454059.751725 14.18165 0.00930 
 2454060.728783 14.18068 0.00946 
 2454060.739524 14.16797 0.00882 
 2454060.744893 14.19541 0.00866 
 2454060.750255 14.19547 0.00836 
 2454061.722118 14.20842 0.00923 
 2454061.727488 14.19958 0.00865 
 2454061.732857 14.17849 0.00873 
 2454061.738226 14.18383 0.00856 
 2454061.743597 14.17745 0.00810 
 2454066.711492 14.19850 0.01079 
 2454077.691249 14.20754 0.01216 
 2454077.696620 14.19699 0.01230 
 2454077.701990 14.18237 0.01186 
 2454079.672519 14.19318 0.00834 
 2454079.677036 14.20029 0.00823 
 2454079.681552 14.21901 0.00826 
 2454079.686077 14.21734 0.00823 
 2454079.690600 14.21005 0.00834 
 2454079.695114 14.21094 0.00833 
 2454079.702584 14.19972 0.00864 
 2454079.707953 14.20066 0.00877 
 2454079.713321 14.19292 0.00825 
 2454079.718682 14.21000 0.00888 
 2454079.724050 14.20606 0.00914 
 2454079.759937 14.21103 0.00802 
 2454080.671458 14.19587 0.00956 
 2454080.682195 14.20874 0.00834 
 2454080.687562 14.21210 0.00867 
 2454080.692929 14.20023 0.00869 
 2454081.673345 14.21687 0.00847 
 2454081.678713 14.19563 0.00916 
 2454081.684082 14.19626 0.00883 
 2454081.689451 14.17652 0.00850 
 2454083.674103 14.17841 0.01101 
 2454083.679473 14.20277 0.00921 
 2454083.684834 14.19239 0.00992 
 2454093.643970 14.20023 0.00908 
 2454093.649544 14.19559 0.00823 
 2454093.655121 14.18799 0.00888 
 2454094.651041 14.15992 0.00925 
 2454107.602977 14.19011 0.00837 
 2454107.608549 14.17463 0.00856 
 2454107.614119 14.18238 0.00819 
 2454108.598930 14.18311 0.00873 
 2454108.604493 14.19405 0.00852 
 2454108.610056 14.21410 0.00795 
 2454362.907062 14.19546 0.00848 
 2454362.912605 14.19698 0.00851 
 2454363.903042 14.20014 0.00791 
 2454363.908597 14.17453 0.00850 
 2454381.853588 14.17661 0.00848 
 2454381.859134 14.20458 0.00854 
 2454382.851098 14.17761 0.00867 
 2454384.845291 14.16453 0.00868 
 2454384.850843 14.15768 0.00877 
 2454385.843495 14.19173 0.00812 
 2454386.840028 14.19896 0.00856 
 2454386.845578 14.18946 0.00854 
 2454388.832463 14.19614 0.00831 
 2454389.829958 14.17325 0.00889 
 2454391.825905 14.19796 0.00877 
 2454392.820761 14.19868 0.00849 
 2454393.819097 14.20664 0.00816 
 2454395.815647 14.19664 0.01081 
 2454404.790024 14.18761 0.01004 
 2454405.785689 14.22047 0.00875 
 2454405.791241 14.22393 0.01194 
 2454407.783322 14.21009 0.00857 
 2454408.779689 14.17399 0.00870 
 2454408.785242 14.20164 0.00887 
 2454409.778091 14.19862 0.00853 
 2454412.768413 14.17892 0.00863 
 2454412.773964 14.19288 0.00838 
 2454413.766817 14.20652 0.00834 
 2454414.764021 14.21511 0.00867 
 2454414.769574 14.17263 0.01056 
 2454416.757388 14.20368 0.00772 
 2454416.762754 14.20283 0.00763 
 2454416.768115 14.20091 0.00815 
 2454437.700178 14.19033 0.00810 
 2454438.697134 14.19655 0.00879 
 2454439.693856 14.18718 0.00830 
 2454439.699267 14.21847 0.00813 
 2454447.672188 14.18083 0.00849 
 2454447.677597 14.18858 0.00825 
 2454448.666253 14.20719 0.00819 
 2454448.671703 14.19188 0.00874 
 2454448.677119 14.18006 0.00831 
 2454449.666915 14.19980 0.00820 
 2454450.664386 14.19025 0.00839 
 2454460.634944 14.19290 0.01142 
 2454460.640304 14.19505 0.01143 
 2454461.630294 14.19736 0.00867 
 2454461.635650 14.19122 0.00903 
 2454461.641009 14.19738 0.00896 
 2454462.631829 14.19476 0.00866 
 2454462.637189 14.18080 0.00875 
 2454463.627305 14.22159 0.00816 
 2454463.632664 14.21286 0.00811 
 2454464.622717 14.19247 0.00845 
 2454464.628076 14.19341 0.00868 
 2454464.633437 14.19421 0.00830 
 2454465.623549 14.20790 0.00842 
 2454465.628908 14.18848 0.00848 
 2454731.906846 14.19831 0.00977 
 2454731.913903 14.18998 0.00941 
 2454731.920953 14.20039 0.00841 
 2454731.928018 14.18973 0.00846 
 2454731.935075 14.20375 0.00917 
 2454731.942128 14.20262 0.00944 
 2454731.949184 14.19634 0.00916 
 2454731.956232 14.19030 0.00943 
 2454731.960957 14.19511 0.00981 
 2454731.965660 14.19985 0.01002 
 2454731.970378 14.18690 0.01024 
 2454731.991444 14.20836 0.00936 
 2454731.993643 14.18402 0.00963 
 2454731.995831 14.21517 0.00956 
 2454731.998037 14.20112 0.00912 
 2454732.000225 14.19520 0.00938 
 2454732.002434 14.21078 0.00979 
 2454732.004629 14.19385 0.00981 
 2454732.006828 14.19917 0.01035 
 2454732.009028 14.18565 0.01138 
 2454732.011219 14.21120 0.01276 
 2454732.013426 14.20933 0.01503 
 2454732.911568 14.18864 0.00858 
 2454732.918624 14.19348 0.00784 
 2454732.925683 14.20763 0.00810 
 2454732.932736 14.20018 0.00873 
 2454732.939785 14.20683 0.00875 
 2454732.946843 14.18968 0.00842 
 2454732.953893 14.20048 0.00881 
 2454732.958605 14.19399 0.00900 
 2454732.963321 14.19796 0.00932 
 2454732.968038 14.19338 0.00928 
 2454732.989102 14.19697 0.00857 
 2454732.991292 14.21151 0.00846 
 2454732.993501 14.19790 0.00851 
 2454732.995701 14.20142 0.00882 
 2454732.997901 14.20382 0.00888 
 2454733.000096 14.20308 0.00900 
 2454733.002288 14.20153 0.00882 
 2454733.004495 14.19883 0.00902 
 2454733.006681 14.18878 0.00951 
 2454733.008892 14.20074 0.01030 
 2454733.011090 14.19520 0.01149 
 2454733.013279 14.19840 0.01347 
 2454733.901125 14.19606 0.00791 
 2454733.911292 14.19120 0.00842 
 2454733.921461 14.20014 0.00791 
 2454733.975612 14.19811 0.00771 
 2454733.987543 14.18641 0.00766 
 2454733.992276 14.18264 0.00843 
 2454733.997003 14.20604 0.00836 
 2454734.001726 14.19792 0.00835 
 2454734.006453 14.19872 0.00910 
 2454734.011183 14.19229 0.01095 
 2454734.905837 14.19439 0.00819 
 2454734.918267 14.20446 0.00859 
 2454734.930691 14.18420 0.00859 
 2454734.943120 14.20173 0.00865 
 2454734.960785 14.20205 0.00806 
 2454734.976174 14.18729 0.00782 
 2454735.007888 14.18557 0.00981 
 2454737.895504 14.20007 0.00799 
 2454737.907936 14.20281 0.00781 
 2454737.920366 14.20257 0.00818 
 2454737.932813 14.17429 0.00791 
 2454737.945293 14.18621 0.00786 
 2454737.975308 14.19763 0.00775 
 2454737.985491 14.19555 0.00834 
 2454737.995667 14.19876 0.00807 
 2454738.005848 14.19666 0.00810 
 2454738.016019 14.20829 0.01497 
 2454738.895219 14.18436 0.00780 
 2454738.907643 14.18457 0.00755 
 2454738.920061 14.19519 0.00807 
 2454738.932473 14.19046 0.00761 
 2454738.972448 14.19591 0.00699 
 2454738.982609 14.19389 0.00792 
 2454738.992772 14.19579 0.00740 
 2454739.002951 14.19539 0.00762 
 2454739.015405 14.17848 0.01298 
 2454739.891311 14.20334 0.00798 
 2454739.903730 14.18702 0.00766 
 2454739.928556 14.20107 0.00789 
 2454739.941012 14.19506 0.00779 
 2454739.991322 14.20494 0.00743 
 2454740.001486 14.19668 0.00730 
 2454741.887485 14.20010 0.00844 
 2454741.899906 14.19224 0.00830 
 2454741.912318 14.19561 0.00850 
 2454741.924734 14.18792 0.00875 
 2454741.934719 14.18981 0.00836 
 2454741.964697 14.18607 0.00825 
 2454741.974875 14.19367 0.00882 
 2454741.985039 14.19497 0.00793 
 2454741.995205 14.19790 0.00740 
 2454742.007665 14.20632 0.00824 
 2454742.897478 14.19335 0.00803 
 2454742.909906 14.19338 0.00785 
 2454742.922331 14.17694 0.00726 
 2454742.972515 14.19824 0.00812 
 2454742.982695 14.19407 0.00748 
 2454742.992869 14.20172 0.00732 
 2454743.005360 14.20594 0.00742 
 2454743.015363 14.20009 0.01007 
 2454743.892611 14.18119 0.00812 
 2454743.905025 14.19018 0.00700 
 2454743.929876 14.18091 0.00833 
 2454743.980153 14.17407 0.00855 
 2454743.990306 14.19475 0.00820 
 2454744.002750 14.20395 0.00723 
 2454744.012736 14.18306 0.00845 
 2454745.873877 14.19171 0.00753 
 2454745.886296 14.19696 0.00740 
 2454745.898707 14.20521 0.00805 
 2454745.911117 14.20318 0.00817 
 2454745.923577 14.20650 0.00788 
 2454745.973874 14.20783 0.00905 
 2454745.984047 14.19632 0.00898 
 2454745.996517 14.18645 0.00880 
 2454746.006531 14.19636 0.00807 
 2454746.016512 14.19597 0.01158 
 2454746.873787 14.19954 0.00877 
 2454746.886196 14.20751 0.00815 
 2454746.898609 14.19889 0.00818 
 2454746.911015 14.19038 0.00860 
 2454746.961114 14.19422 0.00886 
 2454746.971263 14.19847 0.00868 
 2454746.981423 14.18394 0.00979 
 2454746.993882 14.19733 0.00934 
 2454747.003869 14.20504 0.00861 
 2454747.013857 14.20077 0.01023 
 2454747.870728 14.19167 0.00854 
 2454747.883144 14.19454 0.00831 
 2454747.895556 14.20094 0.00871 
 2454747.907964 14.20466 0.00829 
 2454747.917946 14.18396 0.00840 
 2454747.968236 14.19344 0.00851 
 2454747.978394 14.19370 0.00915 
 2454747.990849 14.19588 0.00938 
 2454748.000857 14.19701 0.00908 
 2454748.010841 14.17882 0.00969 
 2454748.868068 14.19738 0.00767 
 2454748.880441 14.20169 0.00770 
 2454748.892818 14.16919 0.00839 
 2454748.905191 14.18797 0.00821 
 2454748.915150 14.19439 0.00834 
 2454748.935061 14.19134 0.00888 
 2454748.965290 14.19534 0.00820 
 2454748.975422 14.19230 0.00865 
 2454748.987838 14.19696 0.00864 
 2454748.997800 14.18318 0.00849 
 2454749.007759 14.19465 0.00799 
 2454749.865403 14.18608 0.00896 
 2454749.877826 14.19303 0.00822 
 2454749.890245 14.18215 0.00886 
 2454749.902658 14.19324 0.00812 
 2454749.942627 14.20910 0.00866 
 2454749.952799 14.18142 0.00857 
 2454749.962973 14.18967 0.00805 
 2454749.973141 14.20084 0.00874 
 2454749.985609 14.18756 0.00864 
 2454749.995604 14.18392 0.01241 
 2454750.015579 14.20069 0.00982 
 2454758.836382 14.18362 0.01304 
 2454758.843551 14.19011 0.01272 
 2454758.850719 14.19953 0.01176 
 2454758.857884 14.20400 0.01241 
 2454758.865044 14.21493 0.01248 
 2454758.872204 14.20164 0.01243 
 2454758.879351 14.18510 0.01287 
 2454758.886418 14.18109 0.01266 
 2454758.891146 14.18389 0.01247 
 2454758.900600 14.18750 0.01223 
 2454758.921705 14.20391 0.01010 
 2454758.923912 14.18193 0.01054 
 2454758.926115 14.19074 0.01137 
 2454758.928322 14.20121 0.01188 
 2454758.930522 14.19968 0.01236 
 2454758.932724 14.17753 0.01264 
 2454758.934932 14.19276 0.01261 
 2454758.937137 14.18280 0.01230 
 2454758.939342 14.19088 0.01195 
 2454758.941543 14.18427 0.01177 
 2454758.943748 14.20291 0.01146 
 2454758.945947 14.19325 0.01132 
 2454758.948150 14.18755 0.01112 
 2454758.950352 14.18598 0.01082 
 2454758.952555 14.19858 0.01038 
 2454758.954760 14.19462 0.01074 
 2454758.959855 14.18626 0.01240 
 2454759.832185 14.19069 0.01087 
 2454759.839255 14.19018 0.00892 
 2454759.846312 14.19369 0.00867 
 2454759.853369 14.20305 0.00978 
 2454759.860426 14.19265 0.01027 
 2454759.867484 14.18639 0.01001 
 2454759.874542 14.20186 0.00957 
 2454759.881601 14.20841 0.00913 
 2454759.886312 14.20702 0.00959 
 2454759.891041 14.20494 0.00932 
 2454759.916829 14.18534 0.01031 
 2454759.919023 14.20277 0.01045 
 2454759.921230 14.20246 0.01042 
 2454759.923419 14.20912 0.01045 
 2454759.925629 14.18933 0.01037 
 2454759.927830 14.20395 0.01008 
 2454759.930021 14.19723 0.00994 
 2454759.932232 14.18641 0.01020 
 2454759.934423 14.20507 0.01069 
 2454759.936633 14.18251 0.01062 
 2454759.938835 14.17156 0.01046 
 2454759.941028 14.20649 0.01038 
 2454759.943238 14.19144 0.01066 
 2454759.945426 14.21335 0.01074 
 2454759.947637 14.21301 0.01079 
 2454759.949841 14.20737 0.01116 
 2454759.952034 14.19665 0.01112 
 2454759.954240 14.18806 0.01096 
 2454759.956432 14.19780 0.01068 
 2454759.958643 14.18977 0.01068 
 2454759.960845 14.20221 0.01045 
 2454759.963038 14.19731 0.01043 
 2454759.965246 14.19047 0.01018 
 2454759.967438 14.19197 0.01030 
 2454759.969649 14.21640 0.01001 
 2454759.971850 14.21262 0.00984 
 2454759.974047 14.21156 0.00986 
 2454759.976255 14.20067 0.00979 
 2454759.978445 14.17168 0.01021 
 2454759.980655 14.19748 0.01100 
 2454759.982856 14.20970 0.01170 
 2454760.828970 14.19752 0.00867 
 2454760.839132 14.19372 0.01071 
 2454760.849290 14.19673 0.00992 
 2454760.859454 14.20010 0.00976 
 2454760.869619 14.18904 0.01018 
 2454760.879783 14.20609 0.01014 
 2454760.912836 14.20197 0.00990 
 2454760.917559 14.19534 0.00930 
 2454760.922284 14.18988 0.00867 
 2454760.927010 14.18984 0.00916 
 2454760.931731 14.18984 0.01051 
 2454760.936452 14.18503 0.01013 
 2454760.941168 14.20781 0.00957 
 2454760.945885 14.20476 0.00871 
 2454760.950601 14.21196 0.00947 
 2454777.788205 14.17182 0.00960 
 2454777.800129 14.19098 0.00871 
 2454777.812060 14.19406 0.00905 
 2454777.823994 14.18355 0.00896 
 2454777.845588 14.17451 0.00934 
 2454777.894135 14.19238 0.00907 
 2454777.903926 14.17943 0.00951 
 2454777.915896 14.18488 0.00941 
 2454777.935102 14.18406 0.00852 
 2454777.944695 14.19457 0.00916 
 2454778.778065 14.18847 0.01145 
 2454778.785702 14.19553 0.01155 
 2454778.793361 14.17930 0.01282 
 2454778.808645 14.19355 0.01091 
 2454778.826093 14.19788 0.01162 
 2454778.840931 14.18596 0.01103 
 2454778.848354 14.19088 0.01079 
 2454778.863188 14.18153 0.01126 
 2454779.776836 14.20094 0.01164 
 2454786.759329 14.19124 0.01315 
 2454786.766112 14.19806 0.01130 
 2454786.772896 14.18624 0.01078 
 2454786.779694 14.20750 0.01106 
 2454786.786478 14.20347 0.01141 
 2454786.793271 14.16821 0.01159 
 2454786.800061 14.18634 0.01176 
 2454786.806870 14.18484 0.01245 
 2454786.811415 14.21185 0.01321 
 2454786.815957 14.19291 0.01370 
 2454786.820506 14.20072 0.01366 
 2454786.825049 14.18853 0.01349 
 2454786.829579 14.18489 0.01309 
 2454786.834127 14.19137 0.01318 
 2454786.838672 14.18751 0.01417 
 2454786.843210 14.19436 0.01275 
 2454786.845312 14.20878 0.01228 
 2454786.847428 14.21095 0.01225 
 2454786.849541 14.20367 0.01213 
 2454786.851651 14.19685 0.01193 
 2454786.853764 14.21069 0.01280 
 2454786.855874 14.19708 0.01290 
 2454786.857990 14.19228 0.01301 
 2454786.860099 14.20579 0.01309 
 2454786.862208 14.19689 0.01327 
 2454786.864316 14.18967 0.01303 
 2454786.866432 14.19661 0.01288 
 2454786.868542 14.19091 0.01295 
 2454786.870655 14.21280 0.01285 
 2454786.872766 14.18793 0.01292 
 2454786.874879 14.20756 0.01286 
 2454786.876989 14.19499 0.01277 
 2454786.879104 14.20799 0.01278 
 2454786.881219 14.20068 0.01302 
 2454786.883335 14.19721 0.01349 
 2454786.885442 14.20270 0.01324 
 2454786.887552 14.19840 0.01361 
 2454786.889662 14.19462 0.01352 
 2454786.891777 14.22267 0.01373 
 2454786.893885 14.18735 0.01371 
 2454786.895990 14.18091 0.01353 
 2454786.898099 14.18933 0.01379 
 2454786.900212 14.19968 0.01384 
 2454786.902326 14.19430 0.01366 
 2454786.904441 14.20793 0.01332 
 2454786.906551 14.19456 0.01332 
 2454786.908661 14.21478 0.01339 
 2454786.910772 14.19913 0.01327 
 2454786.912882 14.20977 0.01328 
 2454786.917097 14.19731 0.01385 
 2454786.919207 14.18678 0.01348 
 2454787.755338 14.19070 0.00923 
 2454787.765136 14.19200 0.01158 
 2454787.774938 14.20058 0.01003 
 2454787.784756 14.19817 0.01050 
 2454787.804375 14.19396 0.01058 
 2454787.808917 14.17655 0.01094 
 2454787.813453 14.19177 0.01029 
 2454787.817993 14.18889 0.01128 
 2454787.822534 14.19371 0.01172 
 2454787.831623 14.20152 0.01168 
 2454787.843094 14.20192 0.01040 
 2454787.847629 14.20128 0.00985 
 2454787.852169 14.21339 0.01045 
 2454787.856716 14.19867 0.01111 
 2454787.861253 14.19845 0.01102 
 2454787.865793 14.18592 0.01081 
 2454787.870330 14.19510 0.01040 
 2454787.874870 14.17967 0.01010 
 2454787.879407 14.18744 0.01119 
 2454787.883956 14.20276 0.01120 
 2454787.888496 14.18460 0.01128 
 2454787.893043 14.20463 0.01104 
 2454787.897576 14.19586 0.01092 
 2454787.902121 14.20406 0.01104 
 2454787.906661 14.19219 0.01145 
 2454787.911205 14.18527 0.01180 
 2454787.915743 14.20135 0.01231 
 2454788.755449 14.18887 0.00943 
 2454788.765250 14.20471 0.00959 
 2454788.775055 14.20304 0.00945 
 2454788.794654 14.18670 0.00941 
 2454788.808996 14.18710 0.01039 
 2454788.813538 14.19056 0.01068 
 2454788.818070 14.19512 0.01020 
 2454788.822608 14.19564 0.01051 
 2454788.827150 14.21078 0.01070 
 2454788.836222 14.19845 0.00988 
 2454788.840762 14.20623 0.00953 
 2454788.845304 14.19127 0.00934 
 2454788.849853 14.19282 0.00964 
 2454788.854385 14.18469 0.01046 
 2454788.858931 14.20730 0.01046 
 2454788.863468 14.19988 0.01023 
 2454788.868010 14.20841 0.00976 
 2454788.872553 14.20518 0.00957 
 2454788.877099 14.20390 0.00947 
 2454788.881637 14.19858 0.01024 
 2454788.886181 14.20186 0.01033 
 2454788.890723 14.18131 0.01022 
 2454788.895264 14.20223 0.01004 
 2454788.899818 14.17826 0.01014 
 2454788.904360 14.20350 0.01038 
 2454788.908895 14.20467 0.01019 
 2454788.913430 14.18623 0.01023 
 2454789.754110 14.19458 0.00761 
 2454789.766079 14.19881 0.00835 
 2454789.778041 14.20335 0.00879 
 2454789.789988 14.18881 0.00867 
 2454789.801956 14.19057 0.00881 
 2454789.809373 14.18073 0.00911 
 2454789.831644 14.18981 0.01009 
 2454789.846950 14.19302 0.00980 
 2454789.854585 14.20424 0.00965 
 2454789.862234 14.20001 0.01071 
 2454789.869881 14.19749 0.00989 
 2454789.877527 14.18776 0.00998 
 2454789.882064 14.18910 0.00989 
 2454789.886602 14.19322 0.00970 
 2454789.891142 14.19799 0.00948 
 2454789.895680 14.20056 0.01002 
 2454789.900219 14.19938 0.01018 
 2454789.904765 14.20174 0.01009 
 2454789.911685 14.19108 0.00976 
 2454790.750743 14.21028 0.00786 
 2454790.762704 14.20276 0.00921 
 2454790.798579 14.19755 0.00926 
 2454790.835882 14.19794 0.00874 
 2454790.858813 14.19135 0.00992 
 2454790.866473 14.19572 0.00945 
 2454790.874105 14.19842 0.00913 
 2454790.878635 14.19673 0.00913 
 2454790.883177 14.20145 0.00878 
 2454790.887715 14.19682 0.00845 
 2454790.892253 14.19070 0.00856 
 2454790.896789 14.17794 0.00982 
 2454790.901313 14.19184 0.00916 
 2454790.908235 14.19625 0.00911 
 2454791.749116 14.19883 0.00807 
 2454791.761086 14.18361 0.00818 
 2454791.773037 14.19679 0.00816 
 2454791.784978 14.19146 0.00833 
 2454791.828055 14.19622 0.00925 
 2454791.847657 14.20025 0.00842 
 2454791.874688 14.20190 0.00906 
 2454791.882096 14.18897 0.00916 
 2454791.889512 14.21533 0.01063 
 2454791.896929 14.19274 0.00960 
 2454791.904346 14.19358 0.00947 
 2454792.757885 14.19624 0.00889 
 2454792.769829 14.20546 0.00685 
 2454792.781785 14.18940 0.00803 
 2454792.885475 14.20693 0.00985 
 2454792.904719 14.21126 0.00763 
 2454793.777071 14.20724 0.00801 
 2454794.740211 14.20259 0.00773 
 2454794.752176 14.19471 0.00866 
 2454794.764138 14.19784 0.00854 
 2454794.776090 14.19292 0.00826 
 2454794.790295 14.19548 0.00775 
 2454794.809543 14.18952 0.00901 
 2454794.828960 14.19240 0.00825 
 2454794.838759 14.19160 0.00823 
 2454794.860584 14.18365 0.00994 
 2454794.870191 14.19721 0.00785 
 2454794.889436 14.19549 0.00873 
 2454794.899059 14.18678 0.00782 
