\INPUT_FILE = /exodata/ETSS-prep/KELT/doN02/raw/KELT_N02_lc_012849_V01_west_raw.dat
\INPUT_TYPE = "RAW"
\START_DATE = "Fri Oct 27, 07:06:26 2006"               
\STOP_DATE = "Mon Nov 24, 09:34:38 2008"               
\fixlen = T
\NUMRECORDS = 602      
\
\ This file was produced by the NASA Exoplanet Archive  http://exoplanetarchive.ipac.caltech.edu 
\ Thu Feb 25, 17:06:38 2016
\ Documentation for the KELT Survey dataset can be found at http://exoplanetarchive.ipac.caltech.edu/docs/KELT.html
\
|          TIME|     MAG|MAG_ERR|
|          real|    real|   real|
|             d|     mag|    mag|
|          null|    null|   null|
 2454035.796138 13.93797 0.00789 
 2454035.801601 13.92754 0.00708 
 2454036.792748 13.93777 0.00804 
 2454036.798212 13.93304 0.00717 
 2454036.803677 13.92919 0.00661 
 2454037.790288 13.92615 0.00739 
 2454037.795751 13.91381 0.00671 
 2454037.801215 13.93980 0.00674 
 2454038.786837 13.92701 0.00738 
 2454038.792301 13.91322 0.00662 
 2454038.797767 13.91727 0.00671 
 2454039.786156 13.93549 0.00845 
 2454040.782391 13.93927 0.00994 
 2454048.758326 13.91464 0.00979 
 2454048.769051 13.91654 0.00907 
 2454048.774412 13.95173 0.00882 
 2454048.779774 13.92260 0.00940 
 2454050.753257 13.94939 0.00900 
 2454050.758623 13.94217 0.00804 
 2454050.763985 13.95573 0.00814 
 2454050.769353 13.94800 0.00762 
 2454052.749244 13.89908 0.00827 
 2454052.754611 13.92459 0.00742 
 2454052.759974 13.95106 0.00731 
 2454052.765340 13.94546 0.00702 
 2454052.770701 13.93958 0.00702 
 2454053.747612 13.94056 0.00746 
 2454053.758345 13.90959 0.00679 
 2454053.763714 13.91438 0.00664 
 2454053.769083 13.91807 0.00670 
 2454054.744176 13.93891 0.00739 
 2454054.754916 13.92551 0.00671 
 2454054.760287 13.93422 0.00701 
 2454054.765656 13.94032 0.00664 
 2454055.738458 13.94640 0.00746 
 2454055.749196 13.92509 0.00671 
 2454055.754566 13.93122 0.00685 
 2454055.759929 13.94530 0.00675 
 2454055.765298 13.90934 0.00682 
 2454056.739140 13.90664 0.00783 
 2454056.744508 13.93989 0.00696 
 2454056.749872 13.93657 0.00706 
 2454056.755241 13.93268 0.00711 
 2454056.760609 13.92632 0.00668 
 2454057.734189 13.92373 0.00812 
 2454057.744929 13.91910 0.00732 
 2454057.750291 13.91343 0.00753 
 2454057.755659 13.93352 0.00730 
 2454057.761029 13.92974 0.00738 
 2454058.733748 13.92983 0.00759 
 2454058.744484 13.94598 0.00718 
 2454058.749848 13.91480 0.00661 
 2454058.755216 13.93318 0.00703 
 2454059.730258 13.92384 0.00720 
 2454059.735624 13.90588 0.00681 
 2454059.740993 13.92316 0.00657 
 2454059.746355 13.93131 0.00697 
 2454059.751725 13.91459 0.00692 
 2454060.728783 13.93802 0.00744 
 2454060.739524 13.92263 0.00686 
 2454060.744893 13.91145 0.00683 
 2454060.750255 13.93373 0.00650 
 2454061.722118 13.93047 0.00738 
 2454061.727488 13.93825 0.00695 
 2454061.732857 13.92767 0.00699 
 2454061.738226 13.93424 0.00676 
 2454061.743597 13.91908 0.00659 
 2454066.711492 13.91982 0.00787 
 2454077.691249 13.90693 0.00947 
 2454077.696620 13.93809 0.00930 
 2454077.701990 13.94300 0.00922 
 2454079.672519 13.93122 0.00686 
 2454079.677036 13.92945 0.00692 
 2454079.681552 13.93785 0.00697 
 2454079.686077 13.94060 0.00680 
 2454079.690600 13.94023 0.00680 
 2454079.695114 13.93970 0.00689 
 2454079.702584 13.92944 0.00703 
 2454079.707953 13.92989 0.00683 
 2454079.713321 13.93303 0.00693 
 2454079.718682 13.94952 0.00693 
 2454079.724050 13.92572 0.00737 
 2454079.759937 13.91791 0.00831 
 2454079.768968 13.93928 0.01805 
 2454080.671458 13.94645 0.00743 
 2454080.682195 13.90853 0.00669 
 2454080.687562 13.92552 0.00651 
 2454080.692929 13.92997 0.00689 
 2454081.673345 13.91129 0.00685 
 2454081.678713 13.92147 0.00668 
 2454081.684082 13.93155 0.00703 
 2454081.689451 13.94804 0.00712 
 2454083.674103 13.93015 0.00614 
 2454083.679473 13.93230 0.00744 
 2454083.684834 13.95005 0.00745 
 2454093.643970 13.94684 0.00694 
 2454093.649544 13.94072 0.00698 
 2454093.655121 13.93933 0.00701 
 2454094.651041 13.92336 0.00707 
 2454107.602977 13.93497 0.00687 
 2454107.608549 13.93515 0.00683 
 2454107.614119 13.92807 0.00661 
 2454108.598930 13.94378 0.00690 
 2454108.604493 13.94697 0.00638 
 2454108.610056 13.92507 0.00660 
 2454362.907062 13.92251 0.00683 
 2454362.912605 13.94718 0.00647 
 2454363.903042 13.91477 0.00667 
 2454363.908597 13.93006 0.00639 
 2454378.861883 13.89920 0.01239 
 2454381.853588 13.96068 0.00667 
 2454381.859134 13.93237 0.00685 
 2454382.851098 13.92786 0.00720 
 2454384.845291 13.93835 0.00690 
 2454384.850843 13.93094 0.00661 
 2454385.843495 13.93807 0.00651 
 2454386.840028 13.94508 0.00683 
 2454386.845578 13.93529 0.00677 
 2454388.832463 13.92832 0.00676 
 2454389.829958 13.94226 0.00711 
 2454391.825905 13.95362 0.00646 
 2454392.820761 13.93118 0.00675 
 2454393.819097 13.93074 0.00652 
 2454395.810092 13.93073 0.00915 
 2454395.815647 13.92634 0.00847 
 2454404.790024 13.94030 0.00752 
 2454405.785689 13.92863 0.00763 
 2454405.791241 13.92079 0.01054 
 2454407.783322 13.95545 0.00680 
 2454408.779689 13.92603 0.00709 
 2454408.785242 13.91134 0.00658 
 2454409.778091 13.93844 0.00725 
 2454412.768413 13.91176 0.00659 
 2454412.773964 13.94187 0.00638 
 2454413.766817 13.93126 0.00669 
 2454414.764021 13.92578 0.00798 
 2454414.769574 13.93631 0.00838 
 2454416.757388 13.93566 0.00599 
 2454416.762754 13.93870 0.00632 
 2454416.768115 13.92999 0.00605 
 2454437.700178 13.92662 0.00661 
 2454438.697134 13.94958 0.00695 
 2454439.693856 13.93369 0.00633 
 2454439.699267 13.91831 0.00652 
 2454447.672188 13.94441 0.00638 
 2454447.677597 13.94022 0.00660 
 2454448.666253 13.91686 0.00645 
 2454448.671703 13.95230 0.00634 
 2454448.677119 13.95405 0.00697 
 2454449.666915 13.92537 0.00678 
 2454450.664386 13.91762 0.00678 
 2454460.634944 13.90806 0.00939 
 2454460.640304 13.94925 0.00878 
 2454461.630294 13.90974 0.00660 
 2454461.635650 13.94223 0.00710 
 2454461.641009 13.92870 0.00682 
 2454462.631829 13.93974 0.00706 
 2454462.637189 13.95313 0.00725 
 2454463.627305 13.92160 0.00670 
 2454463.632664 13.91607 0.00652 
 2454464.622717 13.91263 0.00666 
 2454464.628076 13.93512 0.00711 
 2454464.633437 13.94555 0.00670 
 2454465.623549 13.94500 0.00675 
 2454465.628908 13.93122 0.00688 
 2454731.906846 13.92364 0.00793 
 2454731.913903 13.94451 0.00732 
 2454731.920953 13.95579 0.00687 
 2454731.928018 13.93547 0.00735 
 2454731.935075 13.92276 0.00760 
 2454731.942128 13.91700 0.00756 
 2454731.949184 13.95696 0.00736 
 2454731.956232 13.92727 0.00797 
 2454731.960957 13.91815 0.00823 
 2454731.965660 13.91176 0.00823 
 2454731.970378 13.92768 0.00814 
 2454731.991444 13.91187 0.00799 
 2454731.993643 13.91402 0.00809 
 2454731.995831 13.92154 0.00804 
 2454731.998037 13.91456 0.00803 
 2454732.000225 13.91636 0.00803 
 2454732.002434 13.92162 0.00804 
 2454732.004629 13.91049 0.00798 
 2454732.006828 13.92925 0.00834 
 2454732.009028 13.93778 0.00880 
 2454732.011219 13.93090 0.00985 
 2454732.013426 13.92630 0.01139 
 2454732.911568 13.94195 0.00677 
 2454732.918624 13.94965 0.00647 
 2454732.925683 13.93698 0.00670 
 2454732.932736 13.92464 0.00698 
 2454732.939785 13.92252 0.00695 
 2454732.946843 13.94228 0.00677 
 2454732.953893 13.93915 0.00704 
 2454732.958605 13.91623 0.00720 
 2454732.963321 13.93078 0.00731 
 2454732.968038 13.92619 0.00739 
 2454732.989102 13.92238 0.00727 
 2454732.991292 13.92730 0.00745 
 2454732.993501 13.91128 0.00734 
 2454732.995701 13.92112 0.00742 
 2454732.997901 13.93541 0.00744 
 2454733.000096 13.92931 0.00724 
 2454733.002288 13.92439 0.00737 
 2454733.004495 13.93019 0.00757 
 2454733.006681 13.93080 0.00791 
 2454733.008892 13.92831 0.00827 
 2454733.011090 13.91747 0.00934 
 2454733.013279 13.92330 0.01066 
 2454733.901125 13.93694 0.00619 
 2454733.911292 13.93683 0.00657 
 2454733.921461 13.93928 0.00627 
 2454733.975612 13.92388 0.00661 
 2454733.987543 13.93746 0.00621 
 2454733.992276 13.94112 0.00669 
 2454733.997003 13.93292 0.00662 
 2454734.001726 13.91410 0.00664 
 2454734.006453 13.91102 0.00718 
 2454734.011183 13.93873 0.00844 
 2454734.905837 13.92323 0.00650 
 2454734.918267 13.92459 0.00676 
 2454734.930691 13.92336 0.00678 
 2454734.943120 13.91810 0.00700 
 2454734.960785 13.93689 0.00645 
 2454734.976174 13.93435 0.00666 
 2454735.007888 13.93700 0.00712 
 2454737.895504 13.91533 0.00610 
 2454737.907936 13.91921 0.00646 
 2454737.920366 13.91994 0.00643 
 2454737.932813 13.92680 0.00643 
 2454737.945293 13.91703 0.00668 
 2454737.975308 13.92869 0.00668 
 2454737.985491 13.93347 0.00604 
 2454737.995667 13.91947 0.00661 
 2454738.005848 13.91507 0.00670 
 2454738.016019 13.93769 0.01221 
 2454738.895219 13.93137 0.00638 
 2454738.907643 13.92941 0.00637 
 2454738.920061 13.92920 0.00675 
 2454738.932473 13.94513 0.00604 
 2454738.972448 13.92874 0.00602 
 2454738.982609 13.93590 0.00600 
 2454738.992772 13.91334 0.00596 
 2454739.002951 13.91603 0.00656 
 2454739.015405 13.93366 0.00970 
 2454739.891311 13.92613 0.00648 
 2454739.903730 13.92918 0.00615 
 2454739.916144 13.92910 0.00554 
 2454739.928556 13.93641 0.00623 
 2454739.941012 13.91329 0.00616 
 2454739.991322 13.94443 0.01882 
 2454740.001486 13.92610 0.00634 
 2454741.887485 13.92117 0.00654 
 2454741.899906 13.89784 0.00669 
 2454741.912318 13.92654 0.00689 
 2454741.924734 13.92093 0.00673 
 2454741.934719 13.91323 0.00637 
 2454741.964697 13.92385 0.00638 
 2454741.974875 13.93545 0.00640 
 2454741.985039 13.90492 0.00613 
 2454741.995205 13.90630 0.00606 
 2454742.007665 13.92429 0.00644 
 2454742.897478 13.91325 0.00673 
 2454742.909906 13.91454 0.00642 
 2454742.922331 13.92235 0.00595 
 2454742.972515 13.93277 0.00624 
 2454742.982695 13.90936 0.00562 
 2454742.992869 13.92014 0.00585 
 2454743.005360 13.92463 0.00584 
 2454743.015363 13.92892 0.00722 
 2454743.880195 13.87647 0.01059 
 2454743.892611 13.92693 0.00614 
 2454743.905025 13.93411 0.00584 
 2454743.929876 13.94168 0.00635 
 2454743.980153 13.91899 0.00595 
 2454743.990306 13.93216 0.00634 
 2454744.002750 13.91961 0.00632 
 2454744.012736 13.92056 0.00699 
 2454745.873877 13.94096 0.00639 
 2454745.886296 13.93741 0.00668 
 2454745.898707 13.93179 0.00680 
 2454745.911117 13.92877 0.00686 
 2454745.923577 13.92798 0.00691 
 2454745.973874 13.93015 0.00690 
 2454745.984047 13.93619 0.00638 
 2454745.996517 13.92484 0.00671 
 2454746.006531 13.92284 0.00731 
 2454746.016512 13.93025 0.00897 
 2454746.873787 13.93217 0.00698 
 2454746.886196 13.92626 0.00674 
 2454746.898609 13.93122 0.00755 
 2454746.911015 13.94232 0.00700 
 2454746.961114 13.91481 0.00790 
 2454746.971263 13.94006 0.00766 
 2454746.981423 13.94056 0.00719 
 2454746.993882 13.94819 0.00690 
 2454747.003869 13.94327 0.00775 
 2454747.013857 13.92440 0.00784 
 2454747.870728 13.93634 0.00627 
 2454747.883144 13.92640 0.00618 
 2454747.895556 13.92841 0.00638 
 2454747.907964 13.93042 0.00619 
 2454747.917946 13.91844 0.00677 
 2454747.968236 13.92272 0.00736 
 2454747.978394 13.92933 0.00715 
 2454747.990849 13.92666 0.00706 
 2454748.000857 13.93555 0.00684 
 2454748.010841 13.92797 0.00775 
 2454748.868068 13.92366 0.00702 
 2454748.880441 13.92614 0.00683 
 2454748.892818 13.93319 0.00726 
 2454748.905191 13.92854 0.00715 
 2454748.915150 13.93012 0.00709 
 2454748.935061 13.93055 0.00691 
 2454748.965290 13.91225 0.00692 
 2454748.975422 13.93300 0.00693 
 2454748.987838 13.92085 0.00648 
 2454748.997800 13.91797 0.00627 
 2454749.007759 13.93310 0.00708 
 2454749.017711 13.91817 0.00835 
 2454749.865403 13.93830 0.00759 
 2454749.877826 13.93188 0.00666 
 2454749.890245 13.93719 0.00668 
 2454749.902658 13.94130 0.00706 
 2454749.942627 13.92419 0.00644 
 2454749.952799 13.93393 0.00667 
 2454749.962973 13.93453 0.00700 
 2454749.973141 13.92668 0.00651 
 2454749.985609 13.92603 0.00642 
 2454749.995604 13.96075 0.00683 
 2454750.005593 13.93471 0.00375 
 2454750.015579 13.92818 0.00677 
 2454758.836382 13.93459 0.00968 
 2454758.843551 13.92679 0.00877 
 2454758.850719 13.93197 0.00960 
 2454758.857884 13.92786 0.00860 
 2454758.865044 13.92404 0.00874 
 2454758.872204 13.93117 0.00878 
 2454758.879351 13.93257 0.00860 
 2454758.886418 13.92672 0.00873 
 2454758.891146 13.93546 0.00845 
 2454758.900600 13.93180 0.01041 
 2454758.921705 13.93211 0.00963 
 2454758.923912 13.92553 0.00961 
 2454758.926115 13.92527 0.00927 
 2454758.928322 13.91569 0.00924 
 2454758.930522 13.92633 0.00895 
 2454758.932724 13.91299 0.00883 
 2454758.934932 13.92613 0.00874 
 2454758.937137 13.93452 0.00832 
 2454758.939342 13.93339 0.00804 
 2454758.941543 13.92952 0.00801 
 2454758.943748 13.92701 0.00813 
 2454758.945947 13.93705 0.00842 
 2454758.948150 13.94159 0.00947 
 2454758.950352 13.92478 0.00971 
 2454758.952555 13.93060 0.01008 
 2454758.954760 13.93673 0.00988 
 2454758.959855 13.93864 0.00868 
 2454759.832185 13.93589 0.00825 
 2454759.839255 13.92364 0.00772 
 2454759.846312 13.91724 0.00803 
 2454759.853369 13.94669 0.00800 
 2454759.860426 13.93456 0.00789 
 2454759.867484 13.93996 0.00757 
 2454759.874542 13.94074 0.00711 
 2454759.881601 13.94436 0.00722 
 2454759.886312 13.94186 0.00761 
 2454759.891041 13.94351 0.00731 
 2454759.916829 13.92744 0.00811 
 2454759.919023 13.91188 0.00817 
 2454759.921230 13.92136 0.00802 
 2454759.923419 13.94496 0.00791 
 2454759.925629 13.93402 0.00783 
 2454759.927830 13.92721 0.00794 
 2454759.930021 13.94219 0.00804 
 2454759.932232 13.92604 0.00786 
 2454759.934423 13.93781 0.00815 
 2454759.936633 13.92431 0.00812 
 2454759.938835 13.92417 0.00824 
 2454759.941028 13.92827 0.00833 
 2454759.943238 13.93514 0.00837 
 2454759.945426 13.92840 0.00819 
 2454759.947637 13.91849 0.00826 
 2454759.949841 13.93195 0.00822 
 2454759.952034 13.92619 0.00806 
 2454759.954240 13.92677 0.00797 
 2454759.956432 13.92863 0.00807 
 2454759.958643 13.93015 0.00795 
 2454759.960845 13.92591 0.00802 
 2454759.963038 13.91911 0.00833 
 2454759.965246 13.92773 0.00862 
 2454759.967438 13.92441 0.00868 
 2454759.969649 13.92799 0.00862 
 2454759.971850 13.91981 0.00867 
 2454759.974047 13.92343 0.00909 
 2454759.976255 13.93007 0.00917 
 2454759.978445 13.93448 0.00889 
 2454759.980655 13.93526 0.00754 
 2454759.982856 13.93226 0.00757 
 2454760.828970 13.93933 0.00751 
 2454760.839132 13.94763 0.00758 
 2454760.849290 13.93241 0.00763 
 2454760.859454 13.91733 0.00806 
 2454760.869619 13.92357 0.00836 
 2454760.879783 13.92364 0.00818 
 2454760.912836 13.94770 0.00724 
 2454760.917559 13.94798 0.00786 
 2454760.922284 13.93926 0.00833 
 2454760.927010 13.92387 0.00822 
 2454760.931731 13.92561 0.00753 
 2454760.936452 13.92967 0.00740 
 2454760.941168 13.94868 0.00814 
 2454760.945885 13.93306 0.00815 
 2454760.950601 13.93162 0.00782 
 2454777.788205 13.93122 0.00810 
 2454777.800129 13.94230 0.00807 
 2454777.812060 13.93533 0.00791 
 2454777.823994 13.94609 0.00769 
 2454777.845588 13.94345 0.00694 
 2454777.894135 13.94711 0.00774 
 2454777.903926 13.96951 0.00780 
 2454777.915896 13.94539 0.00741 
 2454777.935102 13.94618 0.00701 
 2454777.944695 13.93665 0.00725 
 2454778.778065 13.93670 0.00814 
 2454778.785702 13.91171 0.00829 
 2454778.793361 13.93034 0.00901 
 2454778.808645 13.92130 0.00884 
 2454778.826093 13.91983 0.00855 
 2454778.840931 13.92885 0.00921 
 2454778.848354 13.92509 0.00873 
 2454778.863188 13.91888 0.00890 
 2454779.776836 13.93981 0.00954 
 2454786.759329 13.94941 0.01102 
 2454786.766112 13.91652 0.01081 
 2454786.772896 13.93047 0.00987 
 2454786.779694 13.93967 0.00948 
 2454786.786478 13.93671 0.00963 
 2454786.793271 13.92678 0.00986 
 2454786.800061 13.94295 0.01014 
 2454786.806870 13.93683 0.01032 
 2454786.811415 13.93572 0.01011 
 2454786.815957 13.92887 0.01014 
 2454786.820506 13.93796 0.00999 
 2454786.825049 13.94572 0.00991 
 2454786.829579 13.92977 0.00967 
 2454786.834127 13.92163 0.00970 
 2454786.838672 13.92449 0.01026 
 2454786.843210 13.94044 0.00930 
 2454786.845312 13.92735 0.00967 
 2454786.847428 13.92867 0.00967 
 2454786.849541 13.94599 0.00991 
 2454786.851651 13.93884 0.01052 
 2454786.853764 13.93375 0.01051 
 2454786.855874 13.93721 0.01040 
 2454786.857990 13.95833 0.01057 
 2454786.860099 13.94956 0.01052 
 2454786.862208 13.93847 0.01039 
 2454786.864316 13.93038 0.01031 
 2454786.866432 13.93795 0.01013 
 2454786.868542 13.93181 0.01016 
 2454786.870655 13.93342 0.01008 
 2454786.872766 13.93043 0.01013 
 2454786.874879 13.93636 0.00993 
 2454786.876989 13.93674 0.01000 
 2454786.879104 13.92945 0.01033 
 2454786.881219 13.93797 0.01057 
 2454786.883335 13.93862 0.01049 
 2454786.885442 13.93600 0.01039 
 2454786.887552 13.92674 0.01078 
 2454786.889662 13.92893 0.01095 
 2454786.891777 13.94933 0.01077 
 2454786.893885 13.93973 0.01068 
 2454786.895990 13.92916 0.01073 
 2454786.898099 13.94685 0.01059 
 2454786.900212 13.93404 0.01037 
 2454786.902326 13.93718 0.01011 
 2454786.904441 13.95062 0.01022 
 2454786.906551 13.94480 0.01061 
 2454786.908661 13.93746 0.01090 
 2454786.910772 13.93359 0.01075 
 2454786.912882 13.92906 0.01082 
 2454786.917097 13.93113 0.01067 
 2454786.919207 13.92464 0.01043 
 2454787.755338 13.93491 0.00881 
 2454787.765136 13.94389 0.00874 
 2454787.774938 13.93050 0.00844 
 2454787.784756 13.93712 0.00924 
 2454787.804375 13.94126 0.00929 
 2454787.808917 13.94212 0.00912 
 2454787.813453 13.94127 0.00853 
 2454787.817993 13.94780 0.00806 
 2454787.822534 13.93202 0.00897 
 2454787.831623 13.92286 0.00854 
 2454787.843094 13.94538 0.00799 
 2454787.847629 13.95100 0.00881 
 2454787.852169 13.93257 0.00905 
 2454787.856716 13.92056 0.00891 
 2454787.861253 13.93286 0.00881 
 2454787.865793 13.92302 0.00845 
 2454787.870330 13.93254 0.00823 
 2454787.874870 13.93431 0.00921 
 2454787.879407 13.93284 0.00926 
 2454787.883956 13.92983 0.00912 
 2454787.888496 13.92374 0.00878 
 2454787.893043 13.93025 0.00862 
 2454787.897576 13.94405 0.00865 
 2454787.902121 13.94932 0.00919 
 2454787.906661 13.92843 0.00920 
 2454787.911205 13.93380 0.00929 
 2454787.915743 13.92804 0.00952 
 2454788.755449 13.93135 0.00743 
 2454788.765250 13.93616 0.00781 
 2454788.775055 13.92618 0.00812 
 2454788.794654 13.92664 0.00874 
 2454788.808996 13.93143 0.00821 
 2454788.813538 13.92828 0.00793 
 2454788.818070 13.94060 0.00723 
 2454788.822608 13.93529 0.00729 
 2454788.827150 13.92986 0.00784 
 2454788.836222 13.92694 0.00762 
 2454788.840762 13.93132 0.00725 
 2454788.845304 13.93913 0.00753 
 2454788.849853 13.93365 0.00830 
 2454788.854385 13.93813 0.00834 
 2454788.858931 13.92609 0.00830 
 2454788.863468 13.92787 0.00772 
 2454788.868010 13.93565 0.00762 
 2454788.872553 13.93446 0.00783 
 2454788.877099 13.91636 0.00841 
 2454788.881637 13.93052 0.00848 
 2454788.886181 13.92364 0.00812 
 2454788.890723 13.93118 0.00812 
 2454788.895264 13.93123 0.00783 
 2454788.899818 13.93503 0.00843 
 2454788.904360 13.92357 0.00827 
 2454788.908895 13.94428 0.00865 
 2454788.913430 13.92781 0.00828 
 2454789.754110 13.93079 0.00595 
 2454789.766079 13.93061 0.00712 
 2454789.778041 13.94034 0.00705 
 2454789.789988 13.93995 0.00752 
 2454789.801956 13.92379 0.00705 
 2454789.809373 13.92998 0.00789 
 2454789.831644 13.93288 0.00779 
 2454789.846950 13.92651 0.00776 
 2454789.854585 13.93557 0.00845 
 2454789.862234 13.93472 0.00813 
 2454789.869881 13.93544 0.00791 
 2454789.877527 13.93651 0.00857 
 2454789.882064 13.92202 0.00746 
 2454789.886602 13.92408 0.00759 
 2454789.891142 13.94520 0.00771 
 2454789.895680 13.93989 0.00810 
 2454789.900219 13.93056 0.00793 
 2454789.904765 13.94347 0.00795 
 2454789.911685 13.93661 0.00780 
 2454790.750743 13.94900 0.00709 
 2454790.762704 13.94182 0.00692 
 2454790.798579 13.93918 0.00714 
 2454790.835882 13.92967 0.00737 
 2454790.858813 13.92352 0.00734 
 2454790.866473 13.91710 0.00749 
 2454790.874105 13.91919 0.00787 
 2454790.878635 13.92767 0.00642 
 2454790.883177 13.93192 0.00647 
 2454790.887715 13.93756 0.00744 
 2454790.892253 13.93526 0.00745 
 2454790.896789 13.92105 0.00734 
 2454790.901313 13.93522 0.00743 
 2454790.908235 13.91630 0.00705 
 2454791.749116 13.93924 0.00618 
 2454791.761086 13.90742 0.00739 
 2454791.773037 13.92429 0.00695 
 2454791.784978 13.93817 0.00680 
 2454791.828055 13.92830 0.00745 
 2454791.847657 13.94134 0.00718 
 2454791.874688 13.91909 0.00742 
 2454791.882096 13.92599 0.00638 
 2454791.889512 13.93355 0.00724 
 2454791.896929 13.92249 0.00718 
 2454791.904346 13.94682 0.00717 
 2454792.757885 13.92837 0.00671 
 2454792.769829 13.92917 0.00601 
 2454792.781785 13.93216 0.00661 
 2454792.875863 13.90220 0.00699 
 2454792.885475 13.93187 0.00564 
 2454792.904719 13.94009 0.00669 
 2454793.777071 13.94609 0.01283 
 2454794.740211 13.95086 0.00661 
 2454794.752176 13.92853 0.00677 
 2454794.764138 13.93137 0.00666 
 2454794.776090 13.92935 0.00703 
 2454794.790295 13.92387 0.00677 
 2454794.809543 13.93725 0.00678 
 2454794.828960 13.92732 0.00674 
 2454794.838759 13.93738 0.00687 
 2454794.860584 13.93971 0.00645 
 2454794.870191 13.91614 0.00713 
 2454794.889436 13.91983 0.00801 
 2454794.899059 13.92898 0.00593 
