\INPUT_FILE = /exodata/ETSS-prep/KELT/doN02/raw/KELT_N02_lc_000034_V01_east_raw.dat
\INPUT_TYPE = "RAW"
\START_DATE = "Thu Oct 26, 04:44:09 2006"               
\STOP_DATE = "Mon Nov 24, 04:44:47 2008"               
\fixlen = T
\NUMRECORDS = 1792     
\
\ This file was produced by the NASA Exoplanet Archive  http://exoplanetarchive.ipac.caltech.edu 
\ Thu Feb 25, 17:01:50 2016
\ Documentation for the KELT Survey dataset can be found at http://exoplanetarchive.ipac.caltech.edu/docs/KELT.html
\
|          TIME|     MAG|MAG_ERR|
|          real|    real|   real|
|             d|     mag|    mag|
|          null|    null|   null|
 2454034.697330 13.15599 0.00484 
 2454034.701953 13.14585 0.00440 
 2454034.706575 13.16152 0.00486 
 2454034.711195 13.15285 0.00445 
 2454034.715816 13.15123 0.00431 
 2454034.721280 13.15675 0.00459 
 2454034.726743 13.16079 0.00412 
 2454034.728931 13.16721 0.00420 
 2454034.733552 13.15874 0.00424 
 2454034.738171 13.15788 0.00421 
 2454034.742791 13.16066 0.00414 
 2454034.747412 13.14660 0.00461 
 2454034.752032 13.16167 0.00384 
 2454034.756652 13.15429 0.00532 
 2454034.761271 13.16396 0.00406 
 2454034.765892 13.15428 0.00428 
 2454034.770512 13.14674 0.00409 
 2454034.775132 13.15801 0.00401 
 2454034.788988 13.15169 0.00425 
 2454034.793608 13.15024 0.00395 
 2454035.691028 13.15748 0.00459 
 2454035.695648 13.14585 0.00466 
 2454035.700270 13.15979 0.00454 
 2454035.704890 13.14617 0.00458 
 2454035.709512 13.15235 0.00454 
 2454035.714132 13.15191 0.00449 
 2454035.719593 13.15757 0.00442 
 2454035.721781 13.15000 0.00431 
 2454035.726402 13.15141 0.00439 
 2454035.731024 13.15210 0.00434 
 2454035.735647 13.14665 0.00436 
 2454035.740269 13.14916 0.00429 
 2454035.744889 13.14170 0.00426 
 2454035.749509 13.16513 0.00413 
 2454035.754130 13.15699 0.00426 
 2454035.758752 13.15947 0.00415 
 2454035.763372 13.14661 0.00424 
 2454035.767992 13.15216 0.00417 
 2454035.772612 13.15898 0.00418 
 2454035.777233 13.13909 0.00420 
 2454035.781854 13.15747 0.00414 
 2454035.786476 13.14786 0.00416 
 2454035.791096 13.15214 0.00410 
 2454036.691428 13.14803 0.00462 
 2454036.696047 13.15300 0.00444 
 2454036.700668 13.14471 0.00442 
 2454036.705288 13.14644 0.00463 
 2454036.709908 13.16455 0.00434 
 2454036.715372 13.15209 0.00440 
 2454036.720834 13.14758 0.00444 
 2454036.723022 13.16041 0.00438 
 2454036.727641 13.13847 0.00416 
 2454036.732260 13.15788 0.00443 
 2454036.736880 13.14879 0.00435 
 2454036.741499 13.16561 0.00424 
 2454036.746121 13.16717 0.00425 
 2454036.750741 13.14532 0.00402 
 2454036.755361 13.15752 0.00449 
 2454036.759981 13.14679 0.00430 
 2454036.764603 13.16108 0.00425 
 2454036.769224 13.14597 0.00419 
 2454036.773844 13.15560 0.00407 
 2454036.778464 13.14869 0.00446 
 2454036.783085 13.14748 0.00426 
 2454036.787706 13.15451 0.00417 
 2454037.685167 13.16130 0.00436 
 2454037.689788 13.16276 0.00437 
 2454037.694408 13.15431 0.00403 
 2454037.699029 13.16041 0.00540 
 2454037.703650 13.15752 0.00373 
 2454037.708272 13.15592 0.00420 
 2454037.713737 13.15583 0.00425 
 2454037.715925 13.15240 0.00417 
 2454037.720546 13.16010 0.00415 
 2454037.725167 13.15098 0.00413 
 2454037.729789 13.15695 0.00410 
 2454037.734411 13.16038 0.00397 
 2454037.739033 13.15902 0.00394 
 2454037.743653 13.16817 0.00389 
 2454037.748274 13.15032 0.00399 
 2454037.752895 13.15408 0.00394 
 2454037.757517 13.15295 0.00394 
 2454037.762139 13.15733 0.00387 
 2454037.766760 13.15239 0.00385 
 2454037.771381 13.15834 0.00383 
 2454037.776002 13.15245 0.00390 
 2454037.780624 13.15366 0.00385 
 2454037.785245 13.15837 0.00388 
 2454038.735588 13.15539 0.00408 
 2454038.740209 13.15284 0.00420 
 2454038.758691 13.16239 0.00396 
 2454038.767932 13.13333 0.00252 
 2454038.772554 13.14725 0.00391 
 2454038.777175 13.16385 0.00342 
 2454038.781796 13.15082 0.00297 
 2454039.676434 13.15501 0.00505 
 2454039.681054 13.15776 0.00505 
 2454039.685675 13.16540 0.00501 
 2454039.690296 13.15382 0.00504 
 2454039.694917 13.15648 0.00501 
 2454039.699538 13.15363 0.00495 
 2454039.705000 13.15555 0.00482 
 2454039.707189 13.15421 0.00490 
 2454039.711809 13.15225 0.00488 
 2454039.716430 13.15391 0.00504 
 2454039.721049 13.14815 0.00506 
 2454039.725669 13.15998 0.00496 
 2454039.730289 13.16057 0.00465 
 2454039.734910 13.15539 0.00466 
 2454039.739530 13.14986 0.00479 
 2454039.744150 13.15102 0.00482 
 2454039.748771 13.15408 0.00489 
 2454039.753393 13.15010 0.00478 
 2454039.758013 13.16386 0.00482 
 2454039.762634 13.14657 0.00482 
 2454039.767256 13.15988 0.00474 
 2454039.771875 13.15547 0.00458 
 2454039.776495 13.14852 0.00469 
 2454039.781115 13.15812 0.00485 
 2454040.685923 13.15662 0.00555 
 2454040.688110 13.15602 0.00550 
 2454040.690298 13.15820 0.00542 
 2454040.692486 13.15091 0.00539 
 2454040.694674 13.15547 0.00542 
 2454040.696862 13.16047 0.00540 
 2454040.699049 13.15426 0.00535 
 2454040.701237 13.15366 0.00533 
 2454040.703425 13.15945 0.00533 
 2454040.708045 13.14918 0.00533 
 2454040.712666 13.15003 0.00527 
 2454040.717287 13.15804 0.00521 
 2454040.721906 13.16282 0.00514 
 2454040.726526 13.15707 0.00507 
 2454040.731146 13.15937 0.00508 
 2454040.735765 13.15882 0.00505 
 2454040.740386 13.14893 0.00512 
 2454040.745006 13.16119 0.00511 
 2454040.749625 13.16142 0.00503 
 2454040.754245 13.15316 0.00498 
 2454040.758865 13.15680 0.00497 
 2454040.763485 13.15182 0.00498 
 2454040.768107 13.15341 0.00499 
 2454040.772728 13.15766 0.00498 
 2454040.777349 13.15701 0.00499 
 2454048.666500 13.16063 0.00525 
 2454048.671019 13.16163 0.00519 
 2454048.675540 13.15768 0.00535 
 2454048.680900 13.16123 0.00528 
 2454048.686262 13.15623 0.00548 
 2454048.691624 13.15653 0.00527 
 2454048.696984 13.16195 0.00518 
 2454048.699084 13.16060 0.00536 
 2454048.703605 13.14835 0.00521 
 2454048.708124 13.16646 0.00520 
 2454048.712704 13.14877 0.00512 
 2454048.717223 13.14626 0.00535 
 2454048.721743 13.15611 0.00514 
 2454048.726267 13.15266 0.00514 
 2454048.730787 13.14769 0.00526 
 2454048.735304 13.15137 0.00510 
 2454048.739824 13.16485 0.00512 
 2454048.744344 13.16074 0.00503 
 2454048.748864 13.15065 0.00518 
 2454048.753384 13.15855 0.00505 
 2454050.661443 13.15909 0.00451 
 2454050.665961 13.15530 0.00441 
 2454050.670486 13.15687 0.00440 
 2454050.675859 13.14964 0.00439 
 2454050.681227 13.15784 0.00445 
 2454050.686590 13.15623 0.00428 
 2454050.691959 13.15347 0.00433 
 2454050.694063 13.15318 0.00430 
 2454050.698585 13.15160 0.00423 
 2454050.703103 13.15234 0.00429 
 2454050.707628 13.15366 0.00423 
 2454050.712143 13.15228 0.00421 
 2454050.721189 13.15154 0.00427 
 2454050.725707 13.14627 0.00430 
 2454050.730228 13.15244 0.00437 
 2454050.734754 13.16161 0.00434 
 2454050.739272 13.15757 0.00441 
 2454050.743796 13.14387 0.00444 
 2454050.748318 13.14923 0.00446 
 2454052.657430 13.15712 0.00452 
 2454052.661956 13.14822 0.00440 
 2454052.666475 13.14917 0.00444 
 2454052.671844 13.14867 0.00417 
 2454052.677207 13.13550 0.00460 
 2454052.682575 13.13801 0.00432 
 2454052.687946 13.15834 0.00426 
 2454052.690052 13.15135 0.00427 
 2454052.694574 13.13938 0.00437 
 2454052.699097 13.15084 0.00438 
 2454052.703616 13.16238 0.00418 
 2454052.708139 13.14398 0.00431 
 2454052.712656 13.14974 0.00421 
 2454052.717178 13.15151 0.00433 
 2454052.721694 13.14922 0.00426 
 2454052.730734 13.14634 0.00440 
 2454052.735259 13.14671 0.00427 
 2454052.739783 13.14297 0.00425 
 2454052.744299 13.15135 0.00445 
 2454053.651245 13.14743 0.00430 
 2454053.655770 13.13171 0.00427 
 2454053.660295 13.14630 0.00442 
 2454053.664818 13.15305 0.00425 
 2454053.670182 13.15433 0.00430 
 2454053.675551 13.15475 0.00419 
 2454053.680921 13.15984 0.00423 
 2454053.686292 13.15292 0.00423 
 2454053.688397 13.14763 0.00420 
 2454053.692922 13.15603 0.00428 
 2454053.697438 13.14505 0.00415 
 2454053.706490 13.14641 0.00405 
 2454053.711014 13.14447 0.00414 
 2454053.715536 13.15097 0.00400 
 2454053.720054 13.14876 0.00404 
 2454053.724578 13.14613 0.00402 
 2454053.729100 13.14806 0.00402 
 2454053.733619 13.13914 0.00405 
 2454053.738144 13.14107 0.00409 
 2454053.742669 13.14629 0.00408 
 2454054.652340 13.15623 0.00416 
 2454054.656858 13.15669 0.00418 
 2454054.661383 13.15063 0.00414 
 2454054.666755 13.15555 0.00408 
 2454054.672125 13.16637 0.00409 
 2454054.677497 13.15001 0.00424 
 2454054.682867 13.15159 0.00410 
 2454054.684971 13.14552 0.00420 
 2454054.689493 13.15129 0.00408 
 2454054.694012 13.15850 0.00394 
 2454054.698536 13.15005 0.00399 
 2454054.703058 13.14733 0.00403 
 2454054.707575 13.15175 0.00405 
 2454054.712099 13.15259 0.00398 
 2454054.716624 13.14744 0.00393 
 2454054.721147 13.14692 0.00400 
 2454054.725665 13.14038 0.00405 
 2454054.730189 13.14572 0.00405 
 2454054.734714 13.14543 0.00389 
 2454054.739238 13.15172 0.00392 
 2454055.646626 13.13246 0.00445 
 2454055.651150 13.15713 0.00442 
 2454055.655676 13.15571 0.00433 
 2454055.661040 13.14566 0.00433 
 2454055.666408 13.15875 0.00412 
 2454055.671778 13.15609 0.00420 
 2454055.677148 13.15109 0.00423 
 2454055.679253 13.15364 0.00416 
 2454055.683777 13.14972 0.00411 
 2454055.688302 13.14066 0.00411 
 2454055.692827 13.14968 0.00411 
 2454055.697343 13.14530 0.00405 
 2454055.701867 13.14890 0.00398 
 2454055.706389 13.14158 0.00408 
 2454055.710907 13.15030 0.00400 
 2454055.715432 13.14743 0.00401 
 2454055.719956 13.14698 0.00394 
 2454055.724473 13.15304 0.00404 
 2454055.728997 13.15049 0.00399 
 2454055.733520 13.14290 0.00396 
 2454056.647318 13.15422 0.00420 
 2454056.651837 13.15558 0.00428 
 2454056.656361 13.16031 0.00429 
 2454056.661723 13.15004 0.00420 
 2454056.667091 13.15157 0.00419 
 2454056.672454 13.15684 0.00427 
 2454056.677821 13.14616 0.00421 
 2454056.679924 13.15486 0.00416 
 2454056.684448 13.16341 0.00414 
 2454056.688972 13.15319 0.00405 
 2454056.693492 13.14780 0.00419 
 2454056.698015 13.15684 0.00406 
 2454056.702537 13.15623 0.00413 
 2454056.707056 13.14814 0.00402 
 2454056.711581 13.15787 0.00408 
 2454056.716105 13.15841 0.00399 
 2454056.720631 13.16025 0.00404 
 2454056.725154 13.14575 0.00415 
 2454056.729671 13.14229 0.00408 
 2454056.734196 13.15814 0.00401 
 2454057.641528 13.15025 0.00450 
 2454057.646052 13.15944 0.00434 
 2454057.650575 13.14794 0.00435 
 2454057.655939 13.14939 0.00437 
 2454057.661302 13.14839 0.00430 
 2454057.666667 13.15188 0.00425 
 2454057.672036 13.15937 0.00428 
 2454057.677400 13.15211 0.00430 
 2454057.679503 13.15011 0.00425 
 2454057.684026 13.15517 0.00420 
 2454057.688542 13.15424 0.00428 
 2454057.693066 13.14769 0.00424 
 2454057.697587 13.15723 0.00418 
 2454057.702107 13.15429 0.00414 
 2454057.706631 13.15203 0.00421 
 2454057.711156 13.15410 0.00422 
 2454057.715681 13.15468 0.00417 
 2454057.720203 13.15259 0.00410 
 2454057.724722 13.15336 0.00408 
 2454057.729246 13.15252 0.00422 
 2454058.641923 13.15176 0.00425 
 2454058.646443 13.16104 0.00416 
 2454058.650963 13.16382 0.00412 
 2454058.656328 13.15329 0.00427 
 2454058.661697 13.16526 0.00407 
 2454058.667066 13.15766 0.00409 
 2454058.672429 13.15136 0.00414 
 2454058.674533 13.15392 0.00411 
 2454058.679057 13.15603 0.00414 
 2454058.683579 13.15704 0.00405 
 2454058.688097 13.15751 0.00418 
 2454058.692621 13.14697 0.00409 
 2454058.697147 13.15554 0.00405 
 2454058.701672 13.15567 0.00412 
 2454058.706194 13.15735 0.00401 
 2454058.710713 13.15364 0.00401 
 2454058.715237 13.13646 0.00398 
 2454058.719762 13.15170 0.00391 
 2454058.724285 13.15736 0.00399 
 2454058.728802 13.15610 0.00396 
 2454059.580521 13.15591 0.00450 
 2454059.585045 13.15071 0.00456 
 2454059.589567 13.15930 0.00462 
 2454059.594085 13.16303 0.00452 
 2454059.598608 13.16704 0.00452 
 2454059.603125 13.16209 0.00438 
 2454059.607649 13.15975 0.00444 
 2454059.612171 13.14924 0.00436 
 2454059.616690 13.13341 0.00436 
 2454059.621213 13.15777 0.00433 
 2454059.625736 13.15521 0.00430 
 2454059.630255 13.16438 0.00425 
 2454059.634780 13.14428 0.00430 
 2454059.639301 13.16000 0.00432 
 2454059.643819 13.16314 0.00427 
 2454059.648340 13.15201 0.00417 
 2454059.653704 13.14441 0.00419 
 2454059.659067 13.15407 0.00418 
 2454059.664434 13.15854 0.00427 
 2454059.666537 13.15604 0.00416 
 2454059.671060 13.14862 0.00419 
 2454059.675579 13.16384 0.00416 
 2454059.680103 13.15492 0.00420 
 2454059.684625 13.15326 0.00409 
 2454059.689144 13.14435 0.00417 
 2454059.693667 13.15594 0.00406 
 2454059.698190 13.15471 0.00405 
 2454059.702708 13.15002 0.00407 
 2454059.707232 13.15121 0.00407 
 2454059.711754 13.15006 0.00411 
 2454059.716273 13.14717 0.00408 
 2454059.720797 13.15339 0.00398 
 2454059.725318 13.14617 0.00400 
 2454060.580529 13.15036 0.00480 
 2454060.585051 13.16106 0.00474 
 2454060.589569 13.16018 0.00484 
 2454060.594094 13.15153 0.00477 
 2454060.598617 13.15575 0.00488 
 2454060.603135 13.15075 0.00476 
 2454060.607659 13.14319 0.00478 
 2454060.612185 13.15031 0.00473 
 2454060.616710 13.14872 0.00459 
 2454060.621233 13.16242 0.00455 
 2454060.625750 13.14870 0.00447 
 2454060.630275 13.15007 0.00448 
 2454060.634796 13.14115 0.00448 
 2454060.639314 13.15403 0.00438 
 2454060.643840 13.16925 0.00429 
 2454060.649210 13.15443 0.00441 
 2454060.654581 13.15324 0.00432 
 2454060.659952 13.16078 0.00422 
 2454060.665322 13.15533 0.00424 
 2454060.667427 13.15909 0.00419 
 2454060.671947 13.14279 0.00419 
 2454060.676475 13.15234 0.00412 
 2454060.680994 13.15747 0.00405 
 2454060.685518 13.14950 0.00405 
 2454060.690040 13.14380 0.00405 
 2454060.694558 13.15509 0.00407 
 2454060.699081 13.14881 0.00397 
 2454060.705749 13.15450 0.00398 
 2454060.710272 13.14781 0.00395 
 2454060.714790 13.15164 0.00390 
 2454060.719313 13.13963 0.00399 
 2454060.723837 13.14836 0.00389 
 2454061.580528 13.16483 0.00477 
 2454061.585051 13.16531 0.00468 
 2454061.589570 13.16362 0.00451 
 2454061.594095 13.15762 0.00472 
 2454061.598620 13.16075 0.00465 
 2454061.603145 13.15857 0.00449 
 2454061.607668 13.15482 0.00458 
 2454061.612184 13.16284 0.00449 
 2454061.616709 13.16152 0.00456 
 2454061.621231 13.15480 0.00460 
 2454061.625749 13.15483 0.00442 
 2454061.630274 13.16254 0.00441 
 2454061.634800 13.15488 0.00442 
 2454061.639326 13.15458 0.00434 
 2454061.644689 13.15780 0.00416 
 2454061.650057 13.15322 0.00428 
 2454061.655425 13.15179 0.00422 
 2454061.660795 13.15893 0.00419 
 2454061.662893 13.15567 0.00409 
 2454061.667415 13.15508 0.00418 
 2454061.671937 13.15944 0.00411 
 2454061.676463 13.16162 0.00405 
 2454061.680989 13.13963 0.00415 
 2454061.685514 13.14969 0.00409 
 2454061.690033 13.15180 0.00401 
 2454061.694557 13.14533 0.00399 
 2454061.699080 13.14832 0.00404 
 2454061.703604 13.15632 0.00392 
 2454061.708131 13.15005 0.00390 
 2454061.712655 13.15046 0.00386 
 2454061.717174 13.14527 0.00386 
 2454066.579809 13.14435 0.00654 
 2454066.584334 13.15234 0.00473 
 2454066.588851 13.15235 0.00449 
 2454066.593373 13.14877 0.00464 
 2454066.597899 13.15659 0.00457 
 2454066.602417 13.15539 0.00456 
 2454066.606942 13.14935 0.00466 
 2454066.611464 13.14995 0.00459 
 2454066.615989 13.16489 0.00451 
 2454066.620509 13.15290 0.00449 
 2454066.625032 13.14184 0.00451 
 2454066.629556 13.15098 0.00444 
 2454066.634920 13.16266 0.00442 
 2454066.640289 13.15226 0.00446 
 2454066.645658 13.14321 0.00438 
 2454066.647762 13.15170 0.00438 
 2454066.652278 13.16669 0.00426 
 2454066.656802 13.16736 0.00438 
 2454066.661325 13.13753 0.00455 
 2454066.665849 13.15667 0.00662 
 2454066.670365 13.14903 0.00423 
 2454066.679406 13.12856 0.00420 
 2454066.683931 13.14907 0.00483 
 2454066.688452 13.15395 0.00433 
 2454066.692972 13.14306 0.00431 
 2454066.697497 13.15859 0.00372 
 2454066.702021 13.14976 0.00464 
 2454066.706547 13.15518 0.00468 
 2454077.579764 13.14585 0.00438 
 2454077.584281 13.13478 0.00436 
 2454077.588794 13.15031 0.00432 
 2454077.593309 13.16700 0.00425 
 2454077.597830 13.15181 0.00432 
 2454077.603194 13.15951 0.00459 
 2454077.613925 13.15064 0.00443 
 2454077.619287 13.14895 0.00424 
 2454077.621395 13.15512 0.00441 
 2454077.625912 13.14748 0.00444 
 2454077.630425 13.15706 0.00460 
 2454077.634939 13.15113 0.00463 
 2454077.639453 13.14495 0.00487 
 2454077.643967 13.14684 0.00493 
 2454077.648480 13.14516 0.00497 
 2454077.653002 13.14077 0.00509 
 2454077.657522 13.14853 0.00499 
 2454077.662044 13.15955 0.00509 
 2454077.666559 13.13576 0.00501 
 2454077.671072 13.14516 0.00489 
 2454077.675584 13.15115 0.00489 
 2454078.579757 13.14493 0.00436 
 2454078.584280 13.15293 0.00433 
 2454078.588798 13.16424 0.00428 
 2454078.593311 13.14404 0.00426 
 2454078.604034 13.14492 0.00424 
 2454078.609394 13.14796 0.00414 
 2454078.614762 13.14916 0.00413 
 2454078.616870 13.15286 0.00411 
 2454078.621392 13.15273 0.00425 
 2454078.625905 13.14464 0.00415 
 2454078.630419 13.15500 0.00414 
 2454078.634933 13.14261 0.00410 
 2454078.639446 13.14416 0.00413 
 2454078.643962 13.14803 0.00414 
 2454078.648475 13.15143 0.00411 
 2454078.652989 13.14182 0.00414 
 2454078.657502 13.13895 0.00412 
 2454078.662016 13.15346 0.00411 
 2454078.666530 13.14603 0.00419 
 2454078.671044 13.14947 0.00421 
 2454079.667575 13.15201 0.00391 
 2454080.579729 13.16772 0.00420 
 2454080.584243 13.17658 0.00412 
 2454080.588759 13.14448 0.00431 
 2454080.599487 13.16342 0.00417 
 2454080.604850 13.14338 0.00417 
 2454080.610210 13.14839 0.00415 
 2454080.612318 13.14668 0.00412 
 2454080.616835 13.15215 0.00402 
 2454080.621349 13.16674 0.00407 
 2454080.625864 13.15535 0.00405 
 2454080.630378 13.16343 0.00401 
 2454080.634893 13.15125 0.00409 
 2454080.639418 13.14644 0.00409 
 2454080.643933 13.15881 0.00405 
 2454080.648455 13.15279 0.00404 
 2454080.652970 13.15318 0.00400 
 2454080.657483 13.14549 0.00401 
 2454080.662000 13.15238 0.00403 
 2454080.666523 13.15588 0.00402 
 2454081.580718 13.13902 0.00422 
 2454081.585239 13.15698 0.00412 
 2454081.590603 13.15348 0.00408 
 2454081.595973 13.14784 0.00414 
 2454081.601342 13.14626 0.00416 
 2454081.606711 13.14996 0.00411 
 2454081.608820 13.15496 0.00410 
 2454081.613340 13.14074 0.00412 
 2454081.617854 13.16234 0.00401 
 2454081.622368 13.14182 0.00407 
 2454081.626882 13.14413 0.00406 
 2454081.631397 13.14040 0.00413 
 2454081.635918 13.14857 0.00404 
 2454081.640443 13.15536 0.00400 
 2454081.644959 13.15460 0.00398 
 2454081.649483 13.15243 0.00397 
 2454081.653999 13.14916 0.00402 
 2454081.658514 13.14653 0.00408 
 2454081.663037 13.14054 0.00406 
 2454082.580708 13.16405 0.00436 
 2454082.595951 13.15564 0.00551 
 2454082.601323 13.14956 0.00423 
 2454082.603432 13.16095 0.00418 
 2454082.607947 13.14581 0.00417 
 2454082.616975 13.15274 0.00430 
 2454082.630517 13.14446 0.00529 
 2454082.639545 13.14951 0.00490 
 2454082.644059 13.16249 0.00439 
 2454082.653086 13.14565 0.00402 
 2454082.657601 13.16095 0.00430 
 2454082.662115 13.14577 0.00433 
 2454083.580709 13.16031 0.00519 
 2454083.586072 13.14217 0.00442 
 2454083.591437 13.15009 0.00440 
 2454083.596800 13.15166 0.00445 
 2454083.602167 13.15945 0.00444 
 2454083.604270 13.14787 0.00437 
 2454083.613299 13.14458 0.00419 
 2454083.617814 13.14332 0.00436 
 2454083.626842 13.14195 0.00442 
 2454083.635870 13.14854 0.00425 
 2454083.640384 13.15428 0.00429 
 2454083.644898 13.13479 0.00425 
 2454083.649412 13.15401 0.00432 
 2454083.653926 13.15013 0.00427 
 2454093.581229 13.15992 0.00440 
 2454093.585959 13.15399 0.00451 
 2454093.590688 13.14709 0.00445 
 2454093.595418 13.14796 0.00438 
 2454093.600146 13.14374 0.00432 
 2454093.604873 13.15718 0.00440 
 2454093.609602 13.14789 0.00451 
 2454093.614332 13.14958 0.00415 
 2454093.619059 13.15099 0.00439 
 2454093.623785 13.14757 0.00419 
 2454093.628516 13.15200 0.00428 
 2454093.633243 13.15185 0.00429 
 2454107.587528 13.15186 0.00402 
 2454107.592258 13.14718 0.00397 
 2454108.588224 13.16049 0.00388 
 2454362.811812 13.15867 0.00429 
 2454362.822059 13.15509 0.00430 
 2454362.827601 13.15948 0.00429 
 2454362.833143 13.15661 0.00408 
 2454362.835339 13.14343 0.00410 
 2454362.840036 13.15487 0.00421 
 2454362.844725 13.14865 0.00416 
 2454362.849430 13.16378 0.00400 
 2454362.854127 13.14719 0.00419 
 2454362.858823 13.16370 0.00403 
 2454362.863510 13.14237 0.00412 
 2454362.868216 13.16245 0.00396 
 2454362.872913 13.15301 0.00400 
 2454362.877610 13.15234 0.00403 
 2454362.882298 13.15001 0.00400 
 2454362.887004 13.15590 0.00393 
 2454362.891700 13.16114 0.00388 
 2454362.896397 13.16794 0.00395 
 2454363.802049 13.15218 0.00412 
 2454363.806757 13.14754 0.00404 
 2454363.811465 13.16366 0.00406 
 2454363.817020 13.16279 0.00403 
 2454363.822575 13.14846 0.00398 
 2454363.828129 13.15666 0.00375 
 2454363.833682 13.16130 0.00385 
 2454363.835883 13.16033 0.00387 
 2454363.840589 13.15500 0.00394 
 2454363.845296 13.16373 0.00385 
 2454363.850002 13.15010 0.00403 
 2454363.854707 13.15807 0.00392 
 2454363.859413 13.14777 0.00401 
 2454363.864119 13.16022 0.00372 
 2454363.868825 13.15705 0.00392 
 2454363.873532 13.15276 0.00391 
 2454363.878238 13.15678 0.00398 
 2454363.882944 13.15487 0.00373 
 2454363.887652 13.15173 0.00381 
 2454363.892358 13.15324 0.00384 
 2454378.760995 13.17025 0.00843 
 2454378.765697 13.14770 0.00893 
 2454378.770400 13.18422 0.00337 
 2454378.775947 13.13634 0.00339 
 2454378.792593 13.14655 0.00441 
 2454378.804192 13.16784 0.00344 
 2454378.818299 13.15975 0.00415 
 2454378.823001 13.14359 0.00573 
 2454378.827703 13.20276 0.00657 
 2454379.801083 13.15403 0.00344 
 2454380.757100 13.15933 0.02250 
 2454380.761807 13.14350 0.00449 
 2454380.766514 13.14698 0.00425 
 2454380.772070 13.15337 0.00407 
 2454381.774033 13.14625 0.00417 
 2454381.779582 13.15405 0.00406 
 2454381.781780 13.14885 0.00411 
 2454381.786482 13.16709 0.00413 
 2454381.791186 13.14123 0.00415 
 2454381.795882 13.15333 0.00405 
 2454381.800593 13.14888 0.00408 
 2454381.805296 13.14605 0.00406 
 2454381.809999 13.15063 0.00393 
 2454381.814698 13.14867 0.00382 
 2454381.819406 13.15955 0.00374 
 2454381.824111 13.13904 0.00393 
 2454381.828812 13.15304 0.00364 
 2454381.833516 13.14844 0.00381 
 2454381.838216 13.15596 0.00369 
 2454381.842917 13.14869 0.00385 
 2454382.746250 13.15909 0.00409 
 2454382.750956 13.15714 0.00414 
 2454382.755662 13.14529 0.00418 
 2454382.760369 13.15293 0.00409 
 2454382.765923 13.14527 0.00407 
 2454382.771476 13.15669 0.00410 
 2454382.777030 13.15354 0.00413 
 2454382.779231 13.15739 0.00414 
 2454382.783922 13.14498 0.00407 
 2454382.788644 13.16581 0.00399 
 2454382.793352 13.15078 0.00404 
 2454382.798060 13.16140 0.00399 
 2454382.802760 13.15275 0.00399 
 2454382.807473 13.15056 0.00390 
 2454382.812182 13.15218 0.00406 
 2454382.816886 13.15006 0.00393 
 2454382.821589 13.16322 0.00404 
 2454382.826288 13.15856 0.00384 
 2454382.831003 13.15886 0.00387 
 2454382.835710 13.15536 0.00399 
 2454382.840417 13.14873 0.00398 
 2454384.745157 13.14922 0.00411 
 2454384.749865 13.14685 0.00418 
 2454384.754571 13.16194 0.00405 
 2454384.760120 13.15241 0.00403 
 2454384.765672 13.15417 0.00405 
 2454384.771224 13.16027 0.00415 
 2454384.773426 13.15960 0.00418 
 2454384.778130 13.15880 0.00408 
 2454384.782826 13.15648 0.00403 
 2454384.787542 13.15272 0.00402 
 2454384.792246 13.15428 0.00411 
 2454384.796954 13.16506 0.00402 
 2454384.801654 13.14372 0.00395 
 2454384.806372 13.15575 0.00399 
 2454384.811079 13.14888 0.00390 
 2454384.815787 13.15199 0.00402 
 2454384.820485 13.15554 0.00383 
 2454384.825198 13.15031 0.00387 
 2454384.829905 13.16260 0.00392 
 2454384.834609 13.14796 0.00391 
 2454385.738727 13.15399 0.00393 
 2454385.743430 13.15469 0.00386 
 2454385.748133 13.15251 0.00400 
 2454385.752836 13.14497 0.00397 
 2454385.758385 13.16191 0.00383 
 2454385.763935 13.14806 0.00392 
 2454385.769482 13.14682 0.00384 
 2454385.771679 13.15634 0.00384 
 2454385.776383 13.14738 0.00390 
 2454385.781089 13.15869 0.00387 
 2454385.785792 13.14529 0.00384 
 2454385.790495 13.15063 0.00390 
 2454385.795199 13.15585 0.00387 
 2454385.799903 13.14769 0.00384 
 2454385.804606 13.15624 0.00384 
 2454385.809308 13.16237 0.00378 
 2454385.814010 13.15257 0.00392 
 2454385.818714 13.15537 0.00382 
 2454385.823417 13.14924 0.00369 
 2454385.828119 13.15279 0.00384 
 2454385.832820 13.15345 0.00379 
 2454386.739956 13.16099 0.00396 
 2454386.744658 13.15003 0.00407 
 2454386.749361 13.15677 0.00394 
 2454386.754911 13.15611 0.00407 
 2454386.760459 13.15665 0.00405 
 2454386.766009 13.16067 0.00393 
 2454386.768209 13.14455 0.00396 
 2454386.772913 13.16058 0.00404 
 2454386.777616 13.14096 0.00407 
 2454386.782319 13.15579 0.00396 
 2454386.787024 13.14547 0.00408 
 2454386.791727 13.15483 0.00406 
 2454386.796430 13.14651 0.00398 
 2454386.801133 13.15058 0.00391 
 2454386.805838 13.15505 0.00382 
 2454386.810541 13.14744 0.00407 
 2454386.815243 13.15406 0.00385 
 2454386.819950 13.15300 0.00393 
 2454386.824654 13.14689 0.00389 
 2454386.829357 13.14546 0.00397 
 2454387.727807 13.15117 0.00419 
 2454387.732509 13.14817 0.00417 
 2454387.737210 13.15330 0.00404 
 2454387.741915 13.15771 0.00423 
 2454387.752163 13.15731 0.00411 
 2454387.757714 13.14504 0.00411 
 2454387.759912 13.15141 0.00415 
 2454387.764616 13.14515 0.00410 
 2454387.769320 13.15132 0.00413 
 2454387.774024 13.14071 0.00403 
 2454387.778727 13.14609 0.00391 
 2454387.783429 13.15616 0.00387 
 2454387.788133 13.13785 0.00400 
 2454387.792835 13.14503 0.00398 
 2454387.797539 13.13902 0.00386 
 2454387.802243 13.15198 0.00389 
 2454387.806950 13.14325 0.00397 
 2454387.811655 13.14887 0.00384 
 2454387.816349 13.15379 0.00398 
 2454387.821060 13.15072 0.00387 
 2454387.825764 13.15122 0.00393 
 2454388.728374 13.13265 0.00431 
 2454388.733084 13.15613 0.00430 
 2454388.752777 13.16049 0.00414 
 2454388.758336 13.15010 0.00415 
 2454388.760538 13.14288 0.00411 
 2454388.765241 13.14897 0.00409 
 2454388.769962 13.16117 0.00409 
 2454388.774673 13.13615 0.00411 
 2454388.779385 13.15815 0.00397 
 2454388.784086 13.14099 0.00408 
 2454388.788805 13.15733 0.00408 
 2454388.793516 13.14794 0.00408 
 2454388.798226 13.14898 0.00392 
 2454388.802927 13.15264 0.00397 
 2454388.807647 13.14701 0.00400 
 2454388.812357 13.14568 0.00398 
 2454388.817067 13.14316 0.00388 
 2454388.821755 13.14764 0.00392 
 2454389.726385 13.14036 0.00433 
 2454389.731073 13.15731 0.00435 
 2454389.745977 13.14658 0.00429 
 2454389.751510 13.13627 0.00427 
 2454389.753700 13.15131 0.00432 
 2454389.758387 13.14804 0.00412 
 2454389.763074 13.15362 0.00419 
 2454389.767761 13.14985 0.00417 
 2454389.772447 13.14797 0.00413 
 2454389.777133 13.15702 0.00404 
 2454389.781820 13.13876 0.00414 
 2454389.786506 13.15452 0.00413 
 2454389.791193 13.14054 0.00397 
 2454389.795881 13.14609 0.00414 
 2454389.800568 13.15057 0.00397 
 2454389.805256 13.15434 0.00411 
 2454389.809944 13.14992 0.00398 
 2454389.814630 13.14327 0.00402 
 2454389.819317 13.14985 0.00405 
 2454390.721602 13.14532 0.00432 
 2454390.726300 13.15628 0.00437 
 2454390.731016 13.14588 0.00426 
 2454390.735722 13.14957 0.00437 
 2454390.740420 13.14278 0.00434 
 2454390.745980 13.15516 0.00410 
 2454390.751531 13.14608 0.00420 
 2454390.753731 13.16275 0.00411 
 2454390.758436 13.14131 0.00421 
 2454390.763143 13.15872 0.00414 
 2454390.767848 13.14721 0.00419 
 2454390.772554 13.15626 0.00410 
 2454390.777258 13.14682 0.00414 
 2454390.781957 13.14589 0.00408 
 2454390.786671 13.14718 0.00411 
 2454390.791378 13.14563 0.00400 
 2454390.796077 13.14609 0.00398 
 2454390.800787 13.14188 0.00417 
 2454390.805493 13.15545 0.00401 
 2454390.810198 13.14821 0.00398 
 2454390.814883 13.14391 0.00404 
 2454390.819608 13.14335 0.00409 
 2454391.720986 13.14033 0.00418 
 2454391.725702 13.14757 0.00414 
 2454391.730413 13.13265 0.00414 
 2454391.735118 13.15377 0.00409 
 2454391.740672 13.14992 0.00404 
 2454391.746228 13.14804 0.00407 
 2454391.751786 13.16308 0.00402 
 2454391.753988 13.14578 0.00403 
 2454391.758694 13.15536 0.00403 
 2454391.763408 13.15414 0.00404 
 2454391.768120 13.15370 0.00397 
 2454391.772829 13.14403 0.00406 
 2454391.777539 13.14900 0.00395 
 2454391.782241 13.16203 0.00400 
 2454391.786960 13.13912 0.00391 
 2454391.791668 13.15642 0.00403 
 2454391.796377 13.15169 0.00399 
 2454391.801079 13.15032 0.00409 
 2454391.805795 13.14664 0.00403 
 2454391.810505 13.14798 0.00397 
 2454391.815216 13.14393 0.00398 
 2454392.721393 13.14999 0.00451 
 2454392.726110 13.14438 0.00436 
 2454392.730821 13.15364 0.00439 
 2454392.735532 13.14964 0.00429 
 2454392.741088 13.15966 0.00417 
 2454392.746644 13.14727 0.00429 
 2454392.748846 13.15941 0.00414 
 2454392.753555 13.14279 0.00407 
 2454392.758256 13.15306 0.00404 
 2454392.762974 13.14589 0.00399 
 2454392.767683 13.15562 0.00386 
 2454392.772393 13.15374 0.00394 
 2454392.777094 13.14669 0.00391 
 2454392.781798 13.15376 0.00394 
 2454392.786519 13.14835 0.00386 
 2454392.791228 13.15320 0.00375 
 2454392.795929 13.14839 0.00390 
 2454392.800646 13.14988 0.00389 
 2454392.805358 13.14657 0.00388 
 2454392.810071 13.14163 0.00384 
 2454393.715027 13.15791 0.00477 
 2454393.719736 13.15656 0.00486 
 2454393.724438 13.15865 0.00468 
 2454393.729153 13.15932 0.00473 
 2454393.733863 13.15684 0.00450 
 2454393.739419 13.16168 0.00445 
 2454393.744976 13.16524 0.00452 
 2454393.747172 13.16382 0.00437 
 2454393.751888 13.16469 0.00442 
 2454393.756599 13.15972 0.00439 
 2454393.761301 13.16237 0.00432 
 2454393.766019 13.15943 0.00429 
 2454393.770730 13.16116 0.00438 
 2454393.775441 13.15278 0.00437 
 2454393.780141 13.14372 0.00425 
 2454393.784859 13.16397 0.00428 
 2454393.789570 13.15208 0.00422 
 2454393.794279 13.16440 0.00424 
 2454393.798988 13.15278 0.00415 
 2454393.803688 13.15653 0.00403 
 2454393.808409 13.15703 0.00406 
 2454394.734637 13.17454 0.00476 
 2454394.736834 13.15649 0.00487 
 2454394.741549 13.15545 0.00485 
 2454394.746256 13.13823 0.00476 
 2454394.750963 13.16356 0.00475 
 2454394.755673 13.14642 0.00470 
 2454394.760384 13.16640 0.00454 
 2454394.765092 13.14073 0.00470 
 2454394.769793 13.15807 0.00469 
 2454394.774512 13.16031 0.00458 
 2454394.779222 13.14946 0.00462 
 2454394.783931 13.15251 0.00448 
 2454394.788633 13.14295 0.00473 
 2454394.793350 13.16434 0.00459 
 2454394.798062 13.14458 0.00462 
 2454394.802772 13.15848 0.00442 
 2454394.807479 13.15504 0.00455 
 2454395.753172 13.14683 0.00540 
 2454395.762588 13.15446 0.00528 
 2454395.767287 13.15030 0.00524 
 2454395.772002 13.14809 0.00519 
 2454395.776711 13.15595 0.00516 
 2454395.781420 13.15394 0.00511 
 2454395.786129 13.15182 0.00509 
 2454395.790828 13.15973 0.00508 
 2454395.795545 13.15168 0.00509 
 2454395.800253 13.14517 0.00510 
 2454395.804960 13.15973 0.00497 
 2454403.746917 13.15587 0.00541 
 2454403.749119 13.16099 0.00540 
 2454403.751320 13.15779 0.00515 
 2454403.753522 13.13908 0.00505 
 2454403.755717 13.15463 0.00521 
 2454403.757925 13.16058 0.00530 
 2454403.760128 13.15767 0.00516 
 2454403.762329 13.16157 0.00509 
 2454403.764531 13.15396 0.00524 
 2454403.766732 13.15779 0.00543 
 2454403.768934 13.14709 0.00508 
 2454403.771135 13.14937 0.00516 
 2454403.773338 13.15353 0.00501 
 2454403.775540 13.15761 0.00500 
 2454403.777742 13.14800 0.00497 
 2454403.779943 13.16026 0.00493 
 2454403.782145 13.15404 0.00499 
 2454403.784346 13.15358 0.00499 
 2454404.704835 13.15101 0.00413 
 2454404.732264 13.15243 0.00446 
 2454404.736974 13.16652 0.00470 
 2454404.741682 13.14037 0.00463 
 2454404.746388 13.15658 0.00457 
 2454404.751097 13.13474 0.00462 
 2454404.755806 13.16458 0.00459 
 2454404.760513 13.14864 0.00461 
 2454404.765220 13.15251 0.00456 
 2454404.769927 13.15702 0.00506 
 2454404.774634 13.14742 0.00444 
 2454405.705208 13.15718 0.00449 
 2454405.710761 13.14337 0.00453 
 2454405.716317 13.15512 0.00446 
 2454405.718519 13.14467 0.00441 
 2454405.723226 13.15770 0.00447 
 2454405.727934 13.15063 0.00451 
 2454405.732642 13.15138 0.00494 
 2454405.737349 13.15841 0.00435 
 2454405.742056 13.15704 0.00432 
 2454405.746761 13.15179 0.00442 
 2454405.751468 13.15256 0.00439 
 2454405.756176 13.15918 0.00427 
 2454405.760883 13.15235 0.00448 
 2454405.765589 13.16340 0.00440 
 2454405.770298 13.15414 0.00447 
 2454405.775005 13.14478 0.00444 
 2454407.698130 13.15401 0.00417 
 2454407.703680 13.15214 0.00407 
 2454407.709234 13.15911 0.00406 
 2454407.711434 13.14934 0.00407 
 2454407.716142 13.16216 0.00408 
 2454407.720848 13.14264 0.00417 
 2454407.725554 13.16459 0.00398 
 2454407.730261 13.14712 0.00405 
 2454407.734969 13.15905 0.00400 
 2454407.739677 13.15191 0.00408 
 2454407.744385 13.14633 0.00393 
 2454407.749093 13.15587 0.00409 
 2454407.753802 13.14596 0.00403 
 2454407.758508 13.15017 0.00408 
 2454407.763218 13.15184 0.00405 
 2454407.767927 13.15005 0.00395 
 2454407.772637 13.15405 0.00400 
 2454408.679530 13.16200 0.00526 
 2454408.684244 13.15610 0.00448 
 2454408.694505 13.15134 0.00451 
 2454408.700058 13.15638 0.00425 
 2454408.705609 13.14885 0.00438 
 2454408.707809 13.14854 0.00430 
 2454408.712516 13.15155 0.00421 
 2454408.717221 13.13419 0.00425 
 2454408.721927 13.16630 0.00389 
 2454408.726636 13.13765 0.00435 
 2454408.731343 13.16079 0.00418 
 2454408.736050 13.14787 0.00422 
 2454408.740756 13.14934 0.00396 
 2454408.745462 13.15513 0.00427 
 2454408.750169 13.14567 0.00409 
 2454408.754877 13.15052 0.00417 
 2454408.759586 13.14890 0.00405 
 2454408.764295 13.15555 0.00408 
 2454408.769002 13.14781 0.00414 
 2454409.673183 13.16079 0.00430 
 2454409.677896 13.15490 0.00431 
 2454409.682605 13.16156 0.00418 
 2454409.687312 13.15745 0.00421 
 2454409.692867 13.14063 0.00420 
 2454409.698425 13.15624 0.00410 
 2454409.703982 13.15783 0.00417 
 2454409.706185 13.16049 0.00412 
 2454409.710893 13.15548 0.00413 
 2454409.715594 13.16237 0.00404 
 2454409.720311 13.15207 0.00411 
 2454409.725019 13.15655 0.00407 
 2454409.729728 13.14576 0.00413 
 2454409.734437 13.15870 0.00391 
 2454409.739146 13.15323 0.00411 
 2454409.743855 13.14900 0.00395 
 2454409.748566 13.15613 0.00410 
 2454409.753276 13.15373 0.00383 
 2454409.757975 13.16137 0.00408 
 2454409.762694 13.15638 0.00401 
 2454409.767404 13.15019 0.00402 
 2454410.678258 13.16874 0.00510 
 2454410.682972 13.13656 0.00465 
 2454410.688525 13.15002 0.00434 
 2454410.694078 13.16760 0.00403 
 2454410.699631 13.15078 0.00440 
 2454410.701833 13.14832 0.00435 
 2454410.706541 13.15382 0.00422 
 2454410.715956 13.16626 0.00447 
 2454410.720666 13.15203 0.00512 
 2454410.725375 13.15469 0.00429 
 2454410.730082 13.14028 0.00388 
 2454410.734792 13.14919 0.00391 
 2454410.739500 13.16680 0.00475 
 2454411.667203 13.15775 0.00437 
 2454411.671902 13.15070 0.00430 
 2454411.676621 13.15643 0.00424 
 2454411.681331 13.15472 0.00429 
 2454411.686885 13.14619 0.00422 
 2454411.692440 13.15265 0.00412 
 2454411.697992 13.15651 0.00420 
 2454411.700193 13.15645 0.00410 
 2454411.704900 13.14834 0.00413 
 2454411.709598 13.15665 0.00398 
 2454411.714316 13.15016 0.00403 
 2454411.719024 13.15658 0.00389 
 2454411.723731 13.14186 0.00400 
 2454411.728430 13.15643 0.00385 
 2454411.733147 13.15395 0.00393 
 2454411.737852 13.15235 0.00384 
 2454411.742560 13.16026 0.00390 
 2454411.747260 13.14346 0.00370 
 2454412.677680 13.16266 0.00499 
 2454412.710646 13.14665 0.00435 
 2454412.715363 13.15349 0.00395 
 2454412.720071 13.15649 0.00389 
 2454412.724777 13.16402 0.00380 
 2454412.729452 13.15275 0.00389 
 2454412.734193 13.15379 0.00393 
 2454412.738900 13.15885 0.00354 
 2454412.743607 13.14814 0.00355 
 2454412.748306 13.15830 0.00381 
 2454412.753020 13.15194 0.00411 
 2454412.757727 13.15229 0.00391 
 2454413.661925 13.14705 0.00429 
 2454413.666635 13.16130 0.00430 
 2454413.671336 13.15019 0.00421 
 2454413.676049 13.16414 0.00418 
 2454413.681603 13.15374 0.00420 
 2454413.687156 13.14989 0.00411 
 2454413.692712 13.16320 0.00408 
 2454413.694913 13.15320 0.00405 
 2454413.699621 13.15159 0.00405 
 2454413.704331 13.15890 0.00400 
 2454413.709039 13.15016 0.00403 
 2454413.713737 13.16048 0.00388 
 2454413.718455 13.14100 0.00397 
 2454413.723165 13.15802 0.00394 
 2454413.727874 13.14823 0.00400 
 2454413.732573 13.15923 0.00374 
 2454413.737289 13.15371 0.00401 
 2454413.742000 13.15183 0.00377 
 2454413.746708 13.15210 0.00397 
 2454413.751417 13.15086 0.00389 
 2454413.756118 13.14956 0.00387 
 2454414.662995 13.14757 0.00448 
 2454414.667704 13.15226 0.00411 
 2454414.672412 13.16637 0.00469 
 2454414.677967 13.14349 0.00429 
 2454414.683522 13.16052 0.00430 
 2454414.715663 13.13039 0.00399 
 2454414.720373 13.15713 0.00423 
 2454414.725074 13.15938 0.00382 
 2454414.729792 13.17779 0.01217 
 2454414.739206 13.15950 0.00383 
 2454414.743908 13.12572 0.00418 
 2454414.748625 13.15096 0.00408 
 2454414.753334 13.14667 0.00406 
 2454415.670751 13.15870 0.00399 
 2454415.676307 13.16676 0.00288 
 2454415.681861 13.15126 0.00387 
 2454415.687416 13.15984 0.00406 
 2454415.689617 13.15359 0.00378 
 2454415.694325 13.15186 0.00394 
 2454415.699024 13.15261 0.00392 
 2454415.703742 13.14814 0.00392 
 2454415.708452 13.16209 0.00383 
 2454415.713161 13.15225 0.00389 
 2454415.717867 13.15604 0.00385 
 2454415.722570 13.14328 0.00389 
 2454415.727290 13.15548 0.00375 
 2454415.732000 13.15694 0.00384 
 2454415.736698 13.15708 0.00368 
 2454416.673892 13.15629 0.00400 
 2454416.679252 13.13677 0.00411 
 2454416.684611 13.16379 0.00385 
 2454416.689971 13.15053 0.00403 
 2454416.695330 13.14132 0.00401 
 2454416.697426 13.15025 0.00397 
 2454416.701954 13.14976 0.00384 
 2454416.706464 13.14506 0.00392 
 2454416.710982 13.14888 0.00390 
 2454416.715494 13.15897 0.00392 
 2454416.720008 13.15460 0.00370 
 2454416.724522 13.15955 0.00378 
 2454416.729036 13.15308 0.00384 
 2454416.733550 13.15013 0.00380 
 2454416.738056 13.15361 0.00369 
 2454416.742576 13.15040 0.00377 
 2454416.747083 13.14816 0.00369 
 2454417.653917 13.15727 0.00435 
 2454417.658428 13.14764 0.00432 
 2454417.662942 13.14574 0.00429 
 2454417.667456 13.14318 0.00427 
 2454417.672818 13.15612 0.00426 
 2454417.678171 13.15642 0.00423 
 2454417.680275 13.15961 0.00426 
 2454417.684791 13.14128 0.00422 
 2454417.689306 13.15754 0.00424 
 2454417.693822 13.14016 0.00422 
 2454417.698337 13.13386 0.00382 
 2454417.711877 13.16054 0.00401 
 2454417.716389 13.13805 0.00397 
 2454417.720903 13.15055 0.00406 
 2454417.725416 13.15466 0.00399 
 2454417.729928 13.15842 0.00411 
 2454417.734442 13.15397 0.00401 
 2454417.738956 13.14089 0.00391 
 2454417.743469 13.14283 0.00397 
 2454418.647823 13.16474 0.00436 
 2454418.652345 13.15282 0.00439 
 2454418.656854 13.16792 0.00421 
 2454418.661372 13.14773 0.00422 
 2454418.666733 13.15969 0.00418 
 2454418.672093 13.15522 0.00409 
 2454418.677452 13.15349 0.00412 
 2454418.679553 13.14424 0.00409 
 2454418.684066 13.16145 0.00420 
 2454418.688580 13.15006 0.00413 
 2454418.693089 13.16034 0.00410 
 2454418.697608 13.15237 0.00404 
 2454418.702112 13.14914 0.00411 
 2454418.706636 13.15163 0.00404 
 2454418.711150 13.14836 0.00403 
 2454418.715663 13.15306 0.00398 
 2454418.720177 13.15905 0.00382 
 2454418.724689 13.14737 0.00407 
 2454418.729203 13.15123 0.00390 
 2454418.733712 13.14876 0.00403 
 2454418.738230 13.15232 0.00380 
 2454418.742738 13.15322 0.00394 
 2454419.648935 13.15780 0.00427 
 2454419.653452 13.16392 0.00419 
 2454419.657965 13.15137 0.00420 
 2454419.662477 13.16127 0.00408 
 2454419.667836 13.15601 0.00408 
 2454419.673196 13.15695 0.00401 
 2454419.675297 13.16595 0.00394 
 2454419.679812 13.14344 0.00401 
 2454419.684327 13.16830 0.00386 
 2454419.688841 13.14928 0.00396 
 2454419.693355 13.16137 0.00395 
 2454419.697869 13.15529 0.00388 
 2454419.702383 13.15598 0.00386 
 2454419.706897 13.16033 0.00386 
 2454419.711410 13.14561 0.00385 
 2454419.715923 13.15965 0.00372 
 2454419.720436 13.14971 0.00384 
 2454419.724950 13.15470 0.00369 
 2454419.729464 13.15234 0.00385 
 2454419.733977 13.14477 0.00372 
 2454419.738491 13.15026 0.00377 
 2454421.643832 13.15523 0.00483 
 2454421.652857 13.15222 0.00482 
 2454421.662734 13.16189 0.00465 
 2454421.668091 13.15329 0.00464 
 2454421.670194 13.15555 0.00456 
 2454421.674709 13.14525 0.00448 
 2454421.679223 13.15143 0.00443 
 2454421.683738 13.16064 0.00442 
 2454421.688251 13.14384 0.00444 
 2454421.692764 13.16214 0.00443 
 2454421.697278 13.14583 0.00442 
 2454421.701791 13.15788 0.00443 
 2454421.706303 13.14820 0.00439 
 2454421.710817 13.15754 0.00432 
 2454421.715329 13.14835 0.00436 
 2454421.719837 13.15198 0.00420 
 2454421.724356 13.14587 0.00443 
 2454421.728870 13.14403 0.00414 
 2454421.733385 13.14366 0.00429 
 2454422.640614 13.16968 0.00481 
 2454422.642720 13.15704 0.00486 
 2454422.644826 13.15713 0.00465 
 2454422.646932 13.14199 0.00453 
 2454422.649037 13.15259 0.00470 
 2454422.651143 13.17395 0.00453 
 2454422.653247 13.14690 0.00360 
 2454422.655350 13.14984 0.00461 
 2454422.657456 13.15471 0.00459 
 2454422.659564 13.16270 0.00469 
 2454422.661672 13.15796 0.00439 
 2454422.663776 13.14524 0.00467 
 2454422.665883 13.15248 0.00482 
 2454422.667989 13.16111 0.00467 
 2454422.672514 13.14819 0.00462 
 2454422.677028 13.15582 0.00456 
 2454422.681535 13.16428 0.00440 
 2454422.686057 13.14600 0.00460 
 2454422.690563 13.16121 0.00445 
 2454422.695083 13.14864 0.00446 
 2454422.699590 13.15666 0.00435 
 2454422.704111 13.15183 0.00446 
 2454422.708621 13.16307 0.00436 
 2454422.713137 13.15599 0.00446 
 2454422.717648 13.15671 0.00426 
 2454422.722164 13.14600 0.00424 
 2454422.726667 13.16419 0.00427 
 2454422.731189 13.15891 0.00445 
 2454432.586106 13.18804 0.00884 
 2454433.586092 13.14197 0.00469 
 2454433.590673 13.17656 0.00491 
 2454433.595237 13.15554 0.00438 
 2454433.599816 13.15424 0.00438 
 2454433.604394 13.15362 0.00438 
 2454433.608980 13.15376 0.00404 
 2454433.613545 13.13823 0.00414 
 2454433.618113 13.15670 0.00443 
 2454433.622713 13.15556 0.00444 
 2454433.628139 13.15546 0.00430 
 2454433.633561 13.14662 0.00422 
 2454433.638920 13.15798 0.00422 
 2454433.641026 13.14303 0.00416 
 2454433.645542 13.15546 0.00414 
 2454433.650056 13.14188 0.00421 
 2454433.654570 13.15105 0.00405 
 2454433.659085 13.15032 0.00401 
 2454433.663590 13.14430 0.00410 
 2454433.668111 13.14840 0.00408 
 2454437.581435 13.16554 0.00420 
 2454437.585947 13.14134 0.00423 
 2454437.590459 13.15739 0.00415 
 2454437.594973 13.14810 0.00413 
 2454437.599486 13.15207 0.00417 
 2454437.603992 13.15393 0.00409 
 2454437.608512 13.15115 0.00411 
 2454437.618388 13.15576 0.00405 
 2454437.623747 13.13501 0.00406 
 2454437.629105 13.15322 0.00393 
 2454437.631207 13.14537 0.00393 
 2454437.635723 13.15564 0.00392 
 2454437.640235 13.15186 0.00396 
 2454437.644751 13.14699 0.00384 
 2454437.649263 13.15658 0.00381 
 2454437.653775 13.14225 0.00388 
 2454437.658291 13.14815 0.00392 
 2454437.662803 13.15313 0.00391 
 2454437.667317 13.14021 0.00388 
 2454437.671830 13.15216 0.00382 
 2454437.676344 13.14542 0.00381 
 2454437.680857 13.14752 0.00386 
 2454437.685368 13.14836 0.00393 
 2454437.689883 13.14148 0.00384 
 2454438.581519 13.16974 0.00415 
 2454438.586105 13.14935 0.00414 
 2454438.590673 13.16991 0.00405 
 2454438.595258 13.14974 0.00413 
 2454438.599811 13.15292 0.00414 
 2454438.604400 13.15738 0.00405 
 2454438.608958 13.15231 0.00408 
 2454438.614392 13.15262 0.00406 
 2454438.619810 13.14633 0.00403 
 2454438.625221 13.15553 0.00403 
 2454438.627363 13.13781 0.00400 
 2454438.631942 13.14589 0.00401 
 2454438.636487 13.14180 0.00407 
 2454438.641065 13.14766 0.00404 
 2454438.645619 13.14882 0.00398 
 2454438.650203 13.15015 0.00401 
 2454438.654749 13.14592 0.00408 
 2454438.659362 13.15204 0.00405 
 2454438.663941 13.14195 0.00397 
 2454438.668509 13.15052 0.00385 
 2454438.673086 13.14244 0.00389 
 2454438.677615 13.14997 0.00397 
 2454438.682191 13.14152 0.00402 
 2454438.686731 13.13835 0.00398 
 2454439.581532 13.15664 0.00406 
 2454439.586129 13.16195 0.00408 
 2454439.590727 13.16332 0.00396 
 2454439.595322 13.16498 0.00402 
 2454439.599914 13.17600 0.00397 
 2454439.604524 13.15122 0.00402 
 2454439.609959 13.15354 0.00396 
 2454439.615394 13.15095 0.00400 
 2454439.620843 13.15706 0.00398 
 2454439.626310 13.14659 0.00396 
 2454439.628468 13.15322 0.00394 
 2454439.633039 13.15102 0.00393 
 2454439.637612 13.16094 0.00390 
 2454439.642183 13.15721 0.00387 
 2454439.646789 13.15089 0.00393 
 2454439.651394 13.14886 0.00404 
 2454439.655992 13.15130 0.00380 
 2454439.660585 13.15919 0.00400 
 2454439.665174 13.15113 0.00382 
 2454439.669734 13.15127 0.00389 
 2454439.674297 13.15284 0.00391 
 2454439.678874 13.14624 0.00387 
 2454439.683449 13.15154 0.00379 
 2454447.588366 13.14534 0.00403 
 2454447.593799 13.14995 0.00396 
 2454447.599221 13.15759 0.00397 
 2454447.604646 13.15274 0.00397 
 2454447.606786 13.16229 0.00397 
 2454447.611372 13.15658 0.00404 
 2454447.615960 13.15294 0.00397 
 2454447.620541 13.15199 0.00394 
 2454447.625136 13.14646 0.00397 
 2454447.629720 13.15432 0.00396 
 2454447.634276 13.15899 0.00395 
 2454447.638864 13.15480 0.00383 
 2454447.643449 13.15824 0.00388 
 2454447.648031 13.15363 0.00386 
 2454447.652610 13.14935 0.00399 
 2454447.657195 13.14896 0.00391 
 2454447.661774 13.14784 0.00389 
 2454448.588387 13.15996 0.00403 
 2454448.593827 13.16378 0.00386 
 2454448.610618 13.13862 0.00484 
 2454448.615216 13.16336 0.00425 
 2454448.619823 13.14810 0.00403 
 2454448.624424 13.15279 0.00393 
 2454448.629011 13.15320 0.00395 
 2454448.633629 13.15133 0.00377 
 2454448.638254 13.15564 0.00393 
 2454448.642835 13.15447 0.00375 
 2454448.647416 13.15444 0.00403 
 2454448.652013 13.16262 0.00392 
 2454448.656617 13.13995 0.00391 
 2454448.661224 13.15605 0.00396 
 2454449.581712 13.16577 0.00423 
 2454449.583856 13.15495 0.00428 
 2454449.586000 13.14845 0.00423 
 2454449.588151 13.16978 0.00426 
 2454449.590296 13.14831 0.00424 
 2454449.592434 13.13989 0.00427 
 2454449.594576 13.15535 0.00420 
 2454449.596718 13.16339 0.00416 
 2454449.601316 13.14494 0.00423 
 2454449.605899 13.15582 0.00411 
 2454449.610494 13.15663 0.00417 
 2454449.615097 13.15334 0.00403 
 2454449.619685 13.15353 0.00411 
 2454449.624285 13.14847 0.00396 
 2454449.628880 13.15311 0.00414 
 2454449.633510 13.14866 0.00387 
 2454449.638100 13.14662 0.00415 
 2454449.642679 13.15090 0.00394 
 2454449.647253 13.14743 0.00398 
 2454449.651848 13.15423 0.00404 
 2454449.656450 13.15137 0.00398 
 2454450.581692 13.15649 0.00422 
 2454450.583794 13.15601 0.00429 
 2454450.585952 13.16238 0.00432 
 2454450.588094 13.15321 0.00430 
 2454450.590227 13.14619 0.00438 
 2454450.592368 13.15535 0.00428 
 2454450.594501 13.16149 0.00424 
 2454450.599075 13.13956 0.00427 
 2454450.603648 13.16618 0.00417 
 2454450.608211 13.15221 0.00432 
 2454450.612804 13.14829 0.00419 
 2454450.617376 13.15210 0.00424 
 2454450.621961 13.14573 0.00409 
 2454450.626522 13.15071 0.00422 
 2454450.631095 13.15533 0.00423 
 2454450.635682 13.14418 0.00421 
 2454450.640250 13.14468 0.00417 
 2454450.644808 13.15318 0.00405 
 2454450.649356 13.15193 0.00419 
 2454450.653951 13.14431 0.00423 
 2454460.581923 13.14493 0.00415 
 2454460.584027 13.15657 0.00424 
 2454460.588542 13.13577 0.00431 
 2454460.593047 13.14507 0.00416 
 2454460.597569 13.14706 0.00429 
 2454460.602074 13.14990 0.00454 
 2454460.606596 13.14605 0.00463 
 2454460.611103 13.13688 0.00484 
 2454460.615622 13.15942 0.00488 
 2454460.620137 13.14743 0.00475 
 2454460.624650 13.14161 0.00496 
 2454461.582622 13.16100 0.00428 
 2454461.584731 13.15996 0.00420 
 2454461.589241 13.15612 0.00421 
 2454461.593748 13.15204 0.00424 
 2454461.598270 13.14565 0.00421 
 2454461.602777 13.15064 0.00420 
 2454461.607301 13.15865 0.00403 
 2454461.611807 13.15287 0.00406 
 2454461.616329 13.15387 0.00415 
 2454461.620835 13.15082 0.00418 
 2454461.625357 13.13659 0.00422 
 2454462.583317 13.15113 0.00410 
 2454462.585423 13.15061 0.00380 
 2454462.589940 13.15237 0.00415 
 2454462.594456 13.14314 0.00408 
 2454462.598968 13.15283 0.00393 
 2454462.603475 13.13953 0.00425 
 2454462.607996 13.14226 0.00412 
 2454462.612500 13.14101 0.00419 
 2454462.617022 13.14402 0.00409 
 2454462.621535 13.15150 0.00407 
 2454463.583313 13.14409 0.00418 
 2454463.585415 13.15721 0.00436 
 2454463.589930 13.14570 0.00389 
 2454463.594443 13.14243 0.00400 
 2454463.598955 13.15250 0.00403 
 2454463.603467 13.15344 0.00388 
 2454463.607982 13.14332 0.00399 
 2454463.612495 13.14675 0.00406 
 2454463.617008 13.14583 0.00393 
 2454464.586186 13.15735 0.00449 
 2454464.590700 13.14447 0.00463 
 2454464.595213 13.14399 0.00403 
 2454464.599727 13.14851 0.00421 
 2454464.604242 13.16256 0.00421 
 2454464.608754 13.15158 0.00403 
 2454464.613268 13.15224 0.00408 
 2454464.617779 13.14730 0.00407 
 2454465.584018 13.15797 0.00385 
 2454465.586173 13.15837 0.00399 
 2454465.590687 13.15371 0.00409 
 2454465.595201 13.15099 0.00387 
 2454465.599714 13.14436 0.00392 
 2454465.604226 13.14999 0.00401 
 2454465.608740 13.15158 0.00405 
 2454465.613254 13.14270 0.00404 
 2454731.715653 13.17263 0.00454 
 2454731.740473 13.16729 0.00414 
 2454731.752882 13.15223 0.00421 
 2454731.762949 13.17153 0.00429 
 2454731.783089 13.16931 0.00443 
 2454731.803241 13.15694 0.00446 
 2454731.811065 13.15325 0.00438 
 2454731.818883 13.15429 0.00443 
 2454731.829045 13.15267 0.00446 
 2454731.839203 13.14953 0.00437 
 2454731.849361 13.16101 0.00433 
 2454731.859517 13.14895 0.00434 
 2454731.869674 13.14092 0.00435 
 2454732.708650 13.15994 0.00423 
 2454732.723394 13.16117 0.00404 
 2454732.735809 13.16951 0.00389 
 2454732.748218 13.16507 0.00384 
 2454732.760626 13.16057 0.00379 
 2454732.770684 13.16087 0.00378 
 2454732.780751 13.15685 0.00388 
 2454732.790832 13.14136 0.00395 
 2454732.800896 13.15827 0.00384 
 2454732.808721 13.15642 0.00385 
 2454732.816537 13.15629 0.00387 
 2454732.826705 13.17574 0.00381 
 2454732.836865 13.15358 0.00400 
 2454732.847024 13.15494 0.00397 
 2454732.857180 13.15639 0.00398 
 2454732.867338 13.15244 0.00396 
 2454733.721126 13.15521 0.00446 
 2454733.733544 13.17143 0.00433 
 2454733.745963 13.16423 0.00424 
 2454733.758383 13.16109 0.00407 
 2454733.768457 13.16657 0.00389 
 2454733.778547 13.17772 0.00395 
 2454733.788621 13.15176 0.00397 
 2454733.798707 13.14794 0.00388 
 2454733.808785 13.16556 0.00375 
 2454733.818864 13.16249 0.00385 
 2454733.831290 13.15911 0.00368 
 2454733.843712 13.14965 0.00376 
 2454733.856135 13.14725 0.00366 
 2454734.706613 13.16763 0.00452 
 2454734.721378 13.14513 0.00451 
 2454734.733787 13.15352 0.00445 
 2454734.746198 13.17085 0.00411 
 2454734.756279 13.14589 0.00415 
 2454734.766362 13.16175 0.00406 
 2454734.776444 13.15596 0.00407 
 2454734.796616 13.14595 0.00404 
 2454734.806708 13.15928 0.00384 
 2454734.816783 13.15276 0.00404 
 2454734.829208 13.15688 0.00388 
 2454734.841632 13.14161 0.00392 
 2454734.854057 13.14987 0.00380 
 2454737.699062 13.13697 0.00431 
 2454737.711499 13.15477 0.00407 
 2454737.723927 13.17147 0.00384 
 2454737.736358 13.14972 0.00403 
 2454737.748795 13.14612 0.00394 
 2454737.758891 13.15213 0.00380 
 2454737.768982 13.13326 0.00397 
 2454737.781424 13.15776 0.00359 
 2454737.791513 13.14596 0.00366 
 2454737.801599 13.15292 0.00371 
 2454737.814033 13.15698 0.00365 
 2454737.826466 13.15042 0.00356 
 2454737.838893 13.13741 0.00365 
 2454737.851317 13.14191 0.00364 
 2454738.693834 13.16727 0.00418 
 2454738.708597 13.16824 0.00426 
 2454738.721003 13.14945 0.00419 
 2454738.733409 13.15508 0.00412 
 2454738.745823 13.15185 0.00405 
 2454738.755897 13.13926 0.00393 
 2454738.765980 13.14735 0.00387 
 2454738.776043 13.15662 0.00383 
 2454738.786120 13.14753 0.00372 
 2454738.796193 13.14834 0.00375 
 2454738.806265 13.16652 0.00363 
 2454738.818682 13.15460 0.00370 
 2454738.831092 13.14408 0.00369 
 2454738.843505 13.14154 0.00370 
 2454739.792276 13.14677 0.00392 
 2454739.802351 13.15943 0.00379 
 2454739.814751 13.14926 0.00378 
 2454739.827176 13.13933 0.00378 
 2454739.839594 13.14212 0.00373 
 2454741.775909 13.15705 0.00405 
 2454741.785992 13.15029 0.00402 
 2454741.796068 13.15446 0.00404 
 2454741.808482 13.14318 0.00398 
 2454741.820895 13.15798 0.00390 
 2454741.833305 13.15673 0.00382 
 2454741.845713 13.15455 0.00385 
 2454742.710481 13.15876 0.00402 
 2454742.722916 13.14418 0.00460 
 2454742.733005 13.15766 0.00384 
 2454742.743101 13.14762 0.00390 
 2454742.753182 13.15053 0.00391 
 2454742.773352 13.15198 0.00359 
 2454742.783443 13.15001 0.00414 
 2454742.793527 13.15972 0.00383 
 2454742.805962 13.14349 0.00368 
 2454742.818397 13.14988 0.00361 
 2454742.830820 13.15356 0.00361 
 2454743.803669 13.07705 0.01289 
 2454743.816087 13.14493 0.00380 
 2454743.828501 13.15019 0.00383 
 2454745.677608 13.14535 0.00533 
 2454745.690030 13.14196 0.00497 
 2454745.702453 13.14481 0.00483 
 2454745.714883 13.15333 0.00451 
 2454745.727301 13.14122 0.00456 
 2454745.737382 13.14635 0.00447 
 2454745.747457 13.14128 0.00460 
 2454745.759889 13.15184 0.00416 
 2454745.769974 13.14650 0.00419 
 2454745.780045 13.14562 0.00407 
 2454745.792463 13.14827 0.00401 
 2454745.804884 13.15801 0.00392 
 2454745.817311 13.15355 0.00387 
 2454745.829738 13.15302 0.00385 
 2454746.674829 13.16487 0.00526 
 2454746.687252 13.15447 0.00500 
 2454746.699661 13.15802 0.00487 
 2454746.712056 13.15625 0.00453 
 2454746.724479 13.15306 0.00459 
 2454746.734551 13.15414 0.00452 
 2454746.744627 13.14265 0.00453 
 2454746.764758 13.14670 0.00428 
 2454746.774832 13.13894 0.00433 
 2454746.784912 13.14795 0.00421 
 2454746.797320 13.14010 0.00416 
 2454746.809724 13.14399 0.00416 
 2454746.822139 13.14942 0.00418 
 2454747.671740 13.16486 0.00533 
 2454747.684152 13.14786 0.00529 
 2454747.696571 13.15854 0.00506 
 2454747.708982 13.14421 0.00505 
 2454747.721388 13.15928 0.00467 
 2454747.731459 13.13782 0.00467 
 2454747.741534 13.16203 0.00459 
 2454747.761680 13.14499 0.00439 
 2454747.771751 13.14811 0.00425 
 2454747.781818 13.13672 0.00418 
 2454747.794219 13.14980 0.00402 
 2454747.806631 13.14884 0.00392 
 2454747.819045 13.15185 0.00388 
 2454748.662507 13.17385 0.00617 
 2454748.677210 13.16177 0.00585 
 2454748.689584 13.16671 0.00544 
 2454748.701962 13.15642 0.00527 
 2454748.714347 13.14776 0.00510 
 2454748.724391 13.15186 0.00497 
 2454748.734437 13.16088 0.00475 
 2454748.744478 13.15412 0.00486 
 2454748.756862 13.15897 0.00473 
 2454748.766902 13.15112 0.00461 
 2454748.776945 13.14916 0.00452 
 2454748.789315 13.16632 0.00435 
 2454748.801682 13.15825 0.00440 
 2454748.814060 13.15179 0.00434 
 2454748.826439 13.15402 0.00411 
 2454749.661539 13.18269 0.00604 
 2454749.676312 13.14941 0.00587 
 2454749.688730 13.14827 0.00556 
 2454749.701150 13.15347 0.00536 
 2454749.713566 13.16361 0.00515 
 2454749.723648 13.15567 0.00514 
 2454749.733738 13.15528 0.00503 
 2454749.743820 13.16065 0.00499 
 2454749.756241 13.15071 0.00482 
 2454749.766327 13.16304 0.00466 
 2454749.776399 13.14925 0.00450 
 2454749.788829 13.16078 0.00449 
 2454749.801251 13.16000 0.00447 
 2454749.813675 13.15156 0.00454 
 2454758.639633 13.17084 0.00459 
 2454758.654400 13.15922 0.00463 
 2454759.638578 13.15335 0.00461 
 2454759.653355 13.15680 0.00452 
 2454759.665771 13.15689 0.00430 
 2454759.678174 13.16359 0.00414 
 2454759.688246 13.14643 0.00413 
 2454759.698316 13.15554 0.00413 
 2454759.718460 13.14728 0.00439 
 2454759.728525 13.16732 0.00429 
 2454759.736359 13.13552 0.00456 
 2454759.744181 13.15272 0.00456 
 2454759.754351 13.15797 0.00455 
 2454759.764506 13.14514 0.00451 
 2454759.774678 13.14957 0.00445 
 2454759.784841 13.15928 0.00440 
 2454759.795004 13.15433 0.00452 
 2454760.629436 13.15070 0.00487 
 2454760.644214 13.13616 0.00477 
 2454760.656620 13.18000 0.00441 
 2454760.669029 13.17177 0.00440 
 2454760.701584 13.14603 0.00424 
 2454760.711667 13.14207 0.00616 
 2454760.724088 13.14027 0.00316 
 2454760.756652 13.14953 0.00409 
 2454760.769073 13.16414 0.00401 
 2454760.781492 13.15736 0.00416 
 2454760.793908 13.15259 0.00420 
 2454777.589746 13.16489 0.00608 
 2454777.599300 13.17161 0.00572 
 2454777.608853 13.16726 0.00551 
 2454777.618412 13.17074 0.00535 
 2454777.627973 13.15526 0.00531 
 2454777.637534 13.15259 0.00521 
 2454777.644842 13.15104 0.00516 
 2454777.659467 13.16367 0.00507 
 2454777.666784 13.16604 0.00492 
 2454777.676567 13.15033 0.00489 
 2454777.684101 13.15719 0.00485 
 2454777.691640 13.14293 0.00493 
 2454777.699168 13.15568 0.00477 
 2454777.708951 13.15115 0.00475 
 2454777.718721 13.16118 0.00468 
 2454777.728506 13.15985 0.00469 
 2454777.738288 13.17523 0.00462 
 2454777.748073 13.17966 0.00456 
 2454778.580113 13.15333 0.00694 
 2454778.587289 13.17203 0.00644 
 2454778.592233 13.14319 0.00661 
 2454778.597175 13.14614 0.00649 
 2454778.602127 13.14745 0.00600 
 2454778.607067 13.15135 0.00583 
 2454778.612012 13.16272 0.00559 
 2454778.616945 13.15800 0.00560 
 2454778.621879 13.15406 0.00549 
 2454778.626834 13.15455 0.00543 
 2454778.631786 13.15956 0.00537 
 2454778.636735 13.15504 0.00521 
 2454778.641675 13.15686 0.00531 
 2454778.646617 13.15651 0.00530 
 2454778.651543 13.14880 0.00517 
 2454778.656496 13.15143 0.00517 
 2454778.661452 13.14228 0.00515 
 2454778.668640 13.16194 0.00505 
 2454778.673179 13.14727 0.00510 
 2454778.677713 13.14967 0.00505 
 2454778.682250 13.14913 0.00496 
 2454778.686783 13.15277 0.00501 
 2454778.691323 13.14273 0.00497 
 2454778.695861 13.14980 0.00489 
 2454778.700391 13.15245 0.00491 
 2454778.704933 13.15796 0.00492 
 2454778.709478 13.14995 0.00493 
 2454778.714018 13.14062 0.00493 
 2454778.718567 13.15117 0.00490 
 2454778.723098 13.14862 0.00486 
 2454778.727648 13.14578 0.00487 
 2454778.732184 13.14996 0.00484 
 2454778.736716 13.14142 0.00483 
 2454778.743644 13.14059 0.00487 
 2454779.586397 13.16101 0.00705 
 2454779.591347 13.17069 0.00677 
 2454786.570626 13.16473 0.00466 
 2454786.582588 13.15130 0.00437 
 2454786.594538 13.14570 0.00439 
 2454786.606494 13.14601 0.00425 
 2454786.616197 13.15688 0.00454 
 2454786.625909 13.15318 0.00506 
 2454786.635621 13.15546 0.00515 
 2454786.645346 13.14190 0.00579 
 2454786.655048 13.15831 0.00551 
 2454786.662602 13.15064 0.00537 
 2454786.670157 13.14663 0.00560 
 2454786.679974 13.16700 0.00543 
 2454786.689777 13.13758 0.00566 
 2454786.699584 13.14401 0.00552 
 2454786.709392 13.15421 0.00527 
 2454786.719184 13.15761 0.00532 
 2454787.569920 13.15812 0.00498 
 2454787.581895 13.15865 0.00468 
 2454787.593852 13.16183 0.00459 
 2454787.605823 13.13987 0.00454 
 2454787.615530 13.14848 0.00438 
 2454787.625238 13.15651 0.00420 
 2454787.634956 13.14501 0.00438 
 2454787.646931 13.15018 0.00412 
 2454787.656640 13.15674 0.00414 
 2454787.666363 13.14194 0.00432 
 2454787.678320 13.15338 0.00445 
 2454787.690270 13.14175 0.00464 
 2454787.702225 13.14841 0.00466 
 2454787.714179 13.14483 0.00478 
 2454788.570048 13.15543 0.00466 
 2454788.582021 13.17028 0.00444 
 2454788.593986 13.14414 0.00451 
 2454788.605938 13.15545 0.00430 
 2454788.615655 13.15302 0.00419 
 2454788.625369 13.16257 0.00401 
 2454788.635070 13.14370 0.00417 
 2454788.647022 13.14952 0.00410 
 2454788.656743 13.14276 0.00400 
 2454788.666468 13.15864 0.00400 
 2454788.678431 13.15180 0.00401 
 2454788.690385 13.14852 0.00398 
 2454788.702338 13.15542 0.00392 
 2454788.714295 13.16174 0.00402 
 2454789.569654 13.15977 0.00452 
 2454789.581607 13.16070 0.00444 
 2454789.593561 13.14274 0.00427 
 2454789.605522 13.14927 0.00413 
 2454789.615233 13.16077 0.00413 
 2454789.624937 13.16250 0.00403 
 2454789.646616 13.14803 0.00397 
 2454789.656321 13.14497 0.00393 
 2454789.666042 13.16642 0.00388 
 2454789.677998 13.15075 0.00381 
 2454789.689964 13.14991 0.00389 
 2454789.701924 13.15468 0.00380 
 2454789.713889 13.15541 0.00379 
 2454790.566421 13.15436 0.00462 
 2454790.578374 13.17083 0.00419 
 2454790.590332 13.15318 0.00426 
 2454790.602276 13.15704 0.00412 
 2454790.611985 13.16305 0.00412 
 2454790.621684 13.16619 0.00405 
 2454790.631385 13.14968 0.00428 
 2454790.643340 13.15372 0.00408 
 2454790.653039 13.15878 0.00408 
 2454790.662750 13.14834 0.00419 
 2454790.674706 13.14994 0.00413 
 2454790.686660 13.15294 0.00404 
 2454790.698613 13.16100 0.00407 
 2454790.710556 13.16235 0.00400 
 2454791.567033 13.14783 0.00444 
 2454791.578995 13.15640 0.00449 
 2454791.590948 13.15979 0.00433 
 2454791.600651 13.16218 0.00414 
 2454791.610365 13.15503 0.00412 
 2454791.620057 13.15861 0.00403 
 2454791.639488 13.15234 0.00402 
 2454791.649185 13.15265 0.00378 
 2454791.658880 13.14486 0.00414 
 2454791.670833 13.15020 0.00426 
 2454791.682785 13.14734 0.00394 
 2454791.694743 13.15258 0.00393 
 2454791.706701 13.15559 0.00390 
 2454792.577918 13.15855 0.00425 
 2454792.589882 13.16282 0.00452 
 2454792.599604 13.16287 0.00431 
 2454792.609310 13.14650 0.00438 
 2454792.619001 13.14199 0.00407 
 2454792.669821 13.15230 0.00419 
 2454793.631500 13.15845 0.00438 
 2454793.641239 13.15735 0.00399 
 2454794.565551 13.16551 0.00450 
 2454794.577491 13.15648 0.00470 
 2454794.589443 13.15383 0.00467 
 2454794.599172 13.15113 0.00422 
 2454794.608865 13.16050 0.00414 
 2454794.618581 13.14817 0.00439 
 2454794.630538 13.15184 0.00413 
 2454794.640239 13.15216 0.00415 
 2454794.649935 13.15089 0.00405 
 2454794.661895 13.13496 0.00415 
 2454794.673854 13.15130 0.00396 
 2454794.685812 13.15496 0.00396 
 2454794.697772 13.15439 0.00397 
