\INPUT_FILE = /exodata/ETSS-prep/KELT/doN02/raw/KELT_N02_lc_006662_V01_west_raw.dat
\INPUT_TYPE = "RAW"
\START_DATE = "Fri Oct 27, 07:06:26 2006"               
\STOP_DATE = "Mon Nov 24, 09:34:38 2008"               
\fixlen = T
\NUMRECORDS = 603      
\
\ This file was produced by the NASA Exoplanet Archive  http://exoplanetarchive.ipac.caltech.edu 
\ Thu Feb 25, 17:03:22 2016
\ Documentation for the KELT Survey dataset can be found at http://exoplanetarchive.ipac.caltech.edu/docs/KELT.html
\
|          TIME|     MAG|MAG_ERR|
|          real|    real|   real|
|             d|     mag|    mag|
|          null|    null|   null|
 2454035.796138 14.50647 0.01208 
 2454035.796138 14.50647 0.01208 
 2454035.801601 14.51351 0.01067 
 2454036.792748 14.50332 0.01239 
 2454036.798212 14.50373 0.01091 
 2454036.803677 14.51107 0.01012 
 2454037.790288 14.52367 0.01105 
 2454037.795751 14.49826 0.00995 
 2454037.801215 14.49232 0.01001 
 2454038.786837 14.50399 0.01086 
 2454038.792301 14.49779 0.00978 
 2454038.797767 14.52479 0.01001 
 2454039.786156 14.53764 0.01294 
 2454040.782391 14.51632 0.01573 
 2454048.758326 14.53240 0.01522 
 2454048.769051 14.52182 0.01405 
 2454048.774412 14.48789 0.01396 
 2454048.779774 14.49741 0.01471 
 2454050.753257 14.52323 0.01392 
 2454050.758623 14.50747 0.01243 
 2454050.763985 14.50870 0.01267 
 2454050.769353 14.48377 0.01184 
 2454052.749244 14.53028 0.01279 
 2454052.754611 14.50817 0.01137 
 2454052.759974 14.49636 0.01136 
 2454052.765340 14.51038 0.01088 
 2454052.770701 14.49947 0.01087 
 2454053.747612 14.48745 0.01142 
 2454053.758345 14.50616 0.01003 
 2454053.763714 14.50057 0.00990 
 2454053.769083 14.50990 0.00998 
 2454054.744176 14.51177 0.01110 
 2454054.754916 14.49466 0.01003 
 2454054.760287 14.50167 0.01050 
 2454054.765656 14.50403 0.00999 
 2454055.738458 14.50348 0.01134 
 2454055.749196 14.50801 0.01002 
 2454055.754566 14.49377 0.01035 
 2454055.759929 14.51429 0.01018 
 2454055.765298 14.51675 0.01007 
 2454056.739140 14.50930 0.01179 
 2454056.744508 14.51799 0.01046 
 2454056.749872 14.49928 0.01063 
 2454056.755241 14.50158 0.01081 
 2454056.760609 14.48235 0.01007 
 2454057.734189 14.52176 0.01236 
 2454057.744929 14.52586 0.01102 
 2454057.750291 14.49177 0.01136 
 2454057.755659 14.50737 0.01110 
 2454057.761029 14.50823 0.01110 
 2454058.733748 14.50103 0.01151 
 2454058.744484 14.49626 0.01091 
 2454058.749848 14.50273 0.00979 
 2454058.755216 14.49720 0.01068 
 2454059.730258 14.48739 0.01088 
 2454059.735624 14.51518 0.01008 
 2454059.740993 14.47719 0.00987 
 2454059.746355 14.50330 0.01052 
 2454059.751725 14.51168 0.01031 
 2454060.728783 14.52429 0.01126 
 2454060.739524 14.51646 0.01030 
 2454060.744893 14.48861 0.01021 
 2454060.750255 14.50061 0.00976 
 2454061.722118 14.49226 0.01114 
 2454061.727488 14.51055 0.01041 
 2454061.732857 14.51163 0.01052 
 2454061.738226 14.52287 0.01002 
 2454061.743597 14.51205 0.00973 
 2454066.711492 14.49685 0.01196 
 2454077.691249 14.49138 0.01495 
 2454077.696620 14.48007 0.01478 
 2454077.701990 14.51057 0.01454 
 2454079.672519 14.49245 0.01019 
 2454079.677036 14.47502 0.01033 
 2454079.681552 14.49709 0.01038 
 2454079.686077 14.50193 0.01012 
 2454079.690600 14.49118 0.01016 
 2454079.695114 14.50597 0.01030 
 2454079.702584 14.49926 0.01050 
 2454079.707953 14.50896 0.01019 
 2454079.713321 14.51710 0.01043 
 2454079.718682 14.50309 0.01038 
 2454079.724050 14.51849 0.01107 
 2454079.759937 14.50369 0.01297 
 2454079.768968 14.50877 0.02933 
 2454080.671458 14.50563 0.01128 
 2454080.682195 14.50010 0.00994 
 2454080.687562 14.48596 0.00972 
 2454080.692929 14.50494 0.01034 
 2454081.673345 14.48839 0.01027 
 2454081.678713 14.48837 0.01000 
 2454081.684082 14.48875 0.01061 
 2454081.689451 14.51422 0.01078 
 2454083.674103 14.44264 0.00972 
 2454083.679473 14.48417 0.01154 
 2454083.684834 14.50615 0.01158 
 2454093.643970 14.52043 0.01053 
 2454093.649544 14.51197 0.01049 
 2454093.655121 14.50399 0.01055 
 2454094.651041 14.48784 0.01074 
 2454107.602977 14.50522 0.01030 
 2454107.608549 14.51243 0.01018 
 2454107.614119 14.50077 0.00972 
 2454108.598930 14.51838 0.01029 
 2454108.604493 14.50552 0.00951 
 2454108.610056 14.50619 0.00980 
 2454362.907062 14.48400 0.01021 
 2454362.912605 14.52107 0.00959 
 2454363.903042 14.48727 0.00992 
 2454363.908597 14.50844 0.00941 
 2454378.861883 14.47521 0.01915 
 2454381.853588 14.51583 0.00992 
 2454381.859134 14.50407 0.01025 
 2454382.851098 14.50176 0.01082 
 2454384.845291 14.51593 0.01028 
 2454384.850843 14.51016 0.00982 
 2454385.843495 14.49497 0.00960 
 2454386.840028 14.52042 0.01016 
 2454386.845578 14.50904 0.01007 
 2454388.832463 14.50131 0.01011 
 2454389.829958 14.50707 0.01068 
 2454391.825905 14.51870 0.00966 
 2454392.820761 14.47871 0.01015 
 2454393.819097 14.49809 0.00964 
 2454395.810092 14.50472 0.01423 
 2454395.815647 14.52284 0.01315 
 2454404.790024 14.48179 0.01159 
 2454405.785689 14.51402 0.01166 
 2454405.791241 14.49766 0.01651 
 2454407.783322 14.51916 0.01019 
 2454408.779689 14.49418 0.01075 
 2454408.785242 14.48058 0.00990 
 2454409.778091 14.50829 0.01095 
 2454412.768413 14.47653 0.00988 
 2454412.773964 14.52201 0.00948 
 2454413.766817 14.49939 0.00993 
 2454414.764021 14.50878 0.01201 
 2454414.769574 14.53249 0.01265 
 2454416.757388 14.48264 0.00874 
 2454416.762754 14.48091 0.00935 
 2454416.768115 14.49580 0.00872 
 2454437.700178 14.50603 0.00977 
 2454438.697134 14.53001 0.01031 
 2454439.693856 14.51820 0.00922 
 2454439.699267 14.50670 0.00952 
 2454447.672188 14.49446 0.00952 
 2454447.677597 14.50310 0.00989 
 2454448.666253 14.49286 0.00946 
 2454448.671703 14.49122 0.00948 
 2454448.677119 14.51168 0.01044 
 2454449.666915 14.48746 0.01019 
 2454450.664386 14.48823 0.01012 
 2454460.634944 14.51104 0.01476 
 2454460.640304 14.52995 0.01381 
 2454461.630294 14.50733 0.00976 
 2454461.635650 14.52368 0.01069 
 2454461.641009 14.50501 0.01019 
 2454462.631829 14.49663 0.01079 
 2454462.637189 14.54033 0.01105 
 2454463.627305 14.51645 0.00998 
 2454463.632664 14.48867 0.00977 
 2454464.622717 14.48448 0.01000 
 2454464.628076 14.50626 0.01064 
 2454464.633437 14.52064 0.01002 
 2454465.623549 14.51271 0.01016 
 2454465.628908 14.49630 0.01035 
 2454731.906846 14.49190 0.01226 
 2454731.913903 14.50175 0.01119 
 2454731.920953 14.48458 0.01042 
 2454731.928018 14.48741 0.01118 
 2454731.935075 14.52125 0.01157 
 2454731.942128 14.52061 0.01147 
 2454731.949184 14.51735 0.01115 
 2454731.956232 14.51091 0.01223 
 2454731.960957 14.52070 0.01263 
 2454731.965660 14.52957 0.01266 
 2454731.970378 14.54595 0.01245 
 2454731.991444 14.52359 0.01218 
 2454731.993643 14.53598 0.01229 
 2454731.995831 14.54303 0.01229 
 2454731.998037 14.53661 0.01232 
 2454732.000225 14.54072 0.01228 
 2454732.002434 14.54205 0.01233 
 2454732.004629 14.51641 0.01229 
 2454732.006828 14.52308 0.01293 
 2454732.009028 14.51445 0.01380 
 2454732.011219 14.51180 0.01559 
 2454732.013426 14.49590 0.01834 
 2454732.911568 14.48679 0.01024 
 2454732.918624 14.47625 0.00977 
 2454732.925683 14.47336 0.01014 
 2454732.932736 14.51338 0.01054 
 2454732.939785 14.51108 0.01047 
 2454732.946843 14.51752 0.01016 
 2454732.953893 14.52717 0.01061 
 2454732.958605 14.52501 0.01082 
 2454732.963321 14.53939 0.01105 
 2454732.968038 14.54436 0.01116 
 2454732.989102 14.49648 0.01108 
 2454732.991292 14.52946 0.01122 
 2454732.993501 14.53401 0.01103 
 2454732.995701 14.54189 0.01115 
 2454732.997901 14.53783 0.01128 
 2454733.000096 14.52149 0.01097 
 2454733.002288 14.53879 0.01116 
 2454733.004495 14.53261 0.01156 
 2454733.006681 14.52012 0.01219 
 2454733.008892 14.51760 0.01285 
 2454733.011090 14.50596 0.01468 
 2454733.013279 14.50067 0.01706 
 2454733.901125 14.48968 0.00919 
 2454733.911292 14.51184 0.00978 
 2454733.921461 14.47829 0.00937 
 2454733.975612 14.49367 0.01007 
 2454733.987543 14.47838 0.00942 
 2454733.992276 14.49926 0.01016 
 2454733.997003 14.49814 0.01005 
 2454734.001726 14.50245 0.01003 
 2454734.006453 14.51236 0.01090 
 2454734.011183 14.53573 0.01314 
 2454734.905837 14.51087 0.00959 
 2454734.918267 14.51211 0.01014 
 2454734.930691 14.50208 0.01017 
 2454734.943120 14.52533 0.01043 
 2454734.960785 14.49653 0.00967 
 2454734.976174 14.46886 0.01016 
 2454735.007888 14.50026 0.01104 
 2454737.895504 14.50592 0.00893 
 2454737.907936 14.50452 0.00964 
 2454737.920366 14.48963 0.00958 
 2454737.932813 14.47175 0.00956 
 2454737.945293 14.49315 0.01007 
 2454737.975308 14.50517 0.01008 
 2454737.985491 14.47907 0.00899 
 2454737.995667 14.49973 0.00995 
 2454738.005848 14.50652 0.01020 
 2454738.016019 14.49570 0.01989 
 2454738.895219 14.51040 0.00951 
 2454738.907643 14.47240 0.00955 
 2454738.920061 14.50309 0.01014 
 2454738.932473 14.46925 0.00892 
 2454738.972448 14.49475 0.00888 
 2454738.982609 14.50547 0.00891 
 2454738.992772 14.48797 0.00884 
 2454739.002951 14.51221 0.00985 
 2454739.015405 14.53286 0.01547 
 2454739.891311 14.49171 0.00980 
 2454739.903730 14.47235 0.00918 
 2454739.916144 14.48568 0.00841 
 2454739.928556 14.47558 0.00930 
 2454739.941012 14.45851 0.00926 
 2454739.991322 14.43764 0.02723 
 2454740.001486 14.48920 0.00963 
 2454741.887485 14.52549 0.00969 
 2454741.899906 14.49181 0.01005 
 2454741.912318 14.49494 0.01045 
 2454741.924734 14.49517 0.01009 
 2454741.934719 14.48415 0.00952 
 2454741.964697 14.48027 0.00967 
 2454741.974875 14.49311 0.00960 
 2454741.985039 14.47017 0.00925 
 2454741.995205 14.48331 0.00916 
 2454742.007665 14.50521 0.00984 
 2454742.897478 14.52868 0.01002 
 2454742.909906 14.52124 0.00954 
 2454742.922331 14.50477 0.00885 
 2454742.972515 14.50333 0.00936 
 2454742.982695 14.48618 0.00827 
 2454742.992869 14.48370 0.00864 
 2454743.005360 14.53024 0.00869 
 2454743.015363 14.48640 0.01121 
 2454743.880195 14.44906 0.01510 
 2454743.892611 14.47517 0.00908 
 2454743.905025 14.47282 0.00879 
 2454743.929876 14.48554 0.00949 
 2454743.980153 14.47531 0.00880 
 2454743.990306 14.51015 0.00942 
 2454744.002750 14.49468 0.00947 
 2454744.012736 14.48072 0.01080 
 2454745.873877 14.48693 0.00959 
 2454745.886296 14.50737 0.00998 
 2454745.898707 14.48446 0.01027 
 2454745.911117 14.50754 0.01032 
 2454745.923577 14.50487 0.01045 
 2454745.973874 14.49939 0.01054 
 2454745.984047 14.50155 0.00974 
 2454745.996517 14.48522 0.01021 
 2454746.006531 14.50577 0.01132 
 2454746.016512 14.50791 0.01426 
 2454746.873787 14.48348 0.01060 
 2454746.886196 14.48239 0.01023 
 2454746.898609 14.50960 0.01155 
 2454746.911015 14.49453 0.01070 
 2454746.961114 14.51316 0.01220 
 2454746.971263 14.51851 0.01179 
 2454746.981423 14.50464 0.01106 
 2454746.993882 14.49769 0.01058 
 2454747.003869 14.50433 0.01209 
 2454747.013857 14.53680 0.01214 
 2454747.870728 14.50176 0.00941 
 2454747.883144 14.51126 0.00913 
 2454747.895556 14.48512 0.00959 
 2454747.907964 14.50611 0.00920 
 2454747.917946 14.49920 0.01011 
 2454747.968236 14.51629 0.01121 
 2454747.978394 14.50549 0.01092 
 2454747.990849 14.48708 0.01082 
 2454748.000857 14.49757 0.01043 
 2454748.010841 14.49981 0.01205 
 2454748.868068 14.49586 0.01056 
 2454748.880441 14.47935 0.01033 
 2454748.892818 14.49367 0.01100 
 2454748.905191 14.48672 0.01087 
 2454748.915150 14.49755 0.01077 
 2454748.935061 14.48689 0.01048 
 2454748.965290 14.49634 0.01051 
 2454748.975422 14.49938 0.01059 
 2454748.987838 14.49775 0.00974 
 2454748.997800 14.49700 0.00941 
 2454749.007759 14.49854 0.01089 
 2454749.017711 14.48927 0.01325 
 2454749.865403 14.48240 0.01166 
 2454749.877826 14.51909 0.00993 
 2454749.890245 14.48897 0.01006 
 2454749.902658 14.51092 0.01063 
 2454749.942627 14.50874 0.00969 
 2454749.952799 14.49425 0.01006 
 2454749.962973 14.51573 0.01068 
 2454749.973141 14.49968 0.00994 
 2454749.985609 14.49637 0.00970 
 2454749.995604 14.49614 0.01040 
 2454750.005593 14.49169 0.00598 
 2454750.015579 14.50249 0.01064 
 2454758.836382 14.50575 0.01535 
 2454758.843551 14.47578 0.01377 
 2454758.850719 14.51104 0.01502 
 2454758.857884 14.49553 0.01346 
 2454758.865044 14.51972 0.01368 
 2454758.872204 14.49387 0.01381 
 2454758.879351 14.49423 0.01353 
 2454758.886418 14.47837 0.01361 
 2454758.891146 14.48916 0.01317 
 2454758.900600 14.47597 0.01648 
 2454758.921705 14.51479 0.01529 
 2454758.923912 14.51615 0.01521 
 2454758.926115 14.48822 0.01470 
 2454758.928322 14.50833 0.01464 
 2454758.930522 14.50204 0.01419 
 2454758.932724 14.49676 0.01393 
 2454758.934932 14.50163 0.01382 
 2454758.937137 14.50609 0.01315 
 2454758.939342 14.49581 0.01272 
 2454758.941543 14.49732 0.01268 
 2454758.943748 14.51254 0.01285 
 2454758.945947 14.50342 0.01340 
 2454758.948150 14.50550 0.01508 
 2454758.950352 14.49791 0.01551 
 2454758.952555 14.51136 0.01614 
 2454758.954760 14.50658 0.01581 
 2454758.959855 14.50531 0.01377 
 2454759.832185 14.50818 0.01282 
 2454759.839255 14.48863 0.01171 
 2454759.846312 14.50782 0.01235 
 2454759.853369 14.50365 0.01241 
 2454759.860426 14.51350 0.01208 
 2454759.867484 14.49988 0.01158 
 2454759.874542 14.49891 0.01086 
 2454759.881601 14.48240 0.01112 
 2454759.886312 14.48866 0.01170 
 2454759.891041 14.49506 0.01122 
 2454759.916829 14.52321 0.01247 
 2454759.919023 14.51531 0.01256 
 2454759.921230 14.50462 0.01234 
 2454759.923419 14.51040 0.01224 
 2454759.925629 14.52059 0.01208 
 2454759.927830 14.52258 0.01225 
 2454759.930021 14.52185 0.01244 
 2454759.932232 14.50765 0.01208 
 2454759.934423 14.51513 0.01252 
 2454759.936633 14.49958 0.01250 
 2454759.938835 14.51326 0.01268 
 2454759.941028 14.50714 0.01285 
 2454759.943238 14.50427 0.01298 
 2454759.945426 14.50847 0.01268 
 2454759.947637 14.51256 0.01281 
 2454759.949841 14.50437 0.01273 
 2454759.952034 14.50143 0.01254 
 2454759.954240 14.49825 0.01241 
 2454759.956432 14.49119 0.01259 
 2454759.958643 14.49681 0.01242 
 2454759.960845 14.50706 0.01251 
 2454759.963038 14.52958 0.01294 
 2454759.965246 14.50416 0.01339 
 2454759.967438 14.50208 0.01348 
 2454759.969649 14.51015 0.01340 
 2454759.971850 14.51778 0.01352 
 2454759.974047 14.51297 0.01427 
 2454759.976255 14.49487 0.01458 
 2454759.978445 14.49855 0.01411 
 2454759.980655 14.50112 0.01176 
 2454759.982856 14.49813 0.01190 
 2454760.828970 14.49132 0.01156 
 2454760.839132 14.49395 0.01165 
 2454760.849290 14.49328 0.01178 
 2454760.859454 14.52030 0.01234 
 2454760.869619 14.51487 0.01287 
 2454760.879783 14.50231 0.01257 
 2454760.912836 14.50913 0.01115 
 2454760.917559 14.49270 0.01226 
 2454760.922284 14.50916 0.01298 
 2454760.927010 14.52083 0.01265 
 2454760.931731 14.52060 0.01155 
 2454760.936452 14.51929 0.01136 
 2454760.941168 14.53100 0.01264 
 2454760.945885 14.50722 0.01279 
 2454760.950601 14.52216 0.01213 
 2454777.788205 14.51450 0.01252 
 2454777.800129 14.53979 0.01243 
 2454777.812060 14.51130 0.01218 
 2454777.823994 14.52800 0.01170 
 2454777.845588 14.50825 0.01047 
 2454777.894135 14.51581 0.01190 
 2454777.903926 14.50123 0.01214 
 2454777.915896 14.52031 0.01144 
 2454777.935102 14.51547 0.01080 
 2454777.944695 14.50625 0.01133 
 2454778.778065 14.49496 0.01272 
 2454778.785702 14.49287 0.01302 
 2454778.793361 14.49244 0.01430 
 2454778.808645 14.50325 0.01393 
 2454778.826093 14.50983 0.01337 
 2454778.840931 14.50716 0.01459 
 2454778.848354 14.49796 0.01369 
 2454778.863188 14.48710 0.01397 
 2454779.776836 14.51721 0.01498 
 2454786.759329 14.49058 0.01781 
 2454786.766112 14.48326 0.01730 
 2454786.772896 14.51865 0.01575 
 2454786.779694 14.50659 0.01508 
 2454786.786478 14.50856 0.01532 
 2454786.793271 14.50520 0.01573 
 2454786.800061 14.51335 0.01627 
 2454786.806870 14.52102 0.01653 
 2454786.811415 14.52137 0.01617 
 2454786.815957 14.48755 0.01628 
 2454786.820506 14.51904 0.01600 
 2454786.825049 14.50086 0.01587 
 2454786.829579 14.50092 0.01543 
 2454786.834127 14.49797 0.01548 
 2454786.838672 14.50246 0.01649 
 2454786.843210 14.50838 0.01481 
 2454786.845312 14.49934 0.01536 
 2454786.847428 14.49329 0.01538 
 2454786.849541 14.48857 0.01588 
 2454786.851651 14.49508 0.01687 
 2454786.853764 14.49343 0.01686 
 2454786.855874 14.50619 0.01671 
 2454786.857990 14.51493 0.01700 
 2454786.860099 14.49904 0.01693 
 2454786.862208 14.50984 0.01670 
 2454786.864316 14.50227 0.01652 
 2454786.866432 14.49901 0.01627 
 2454786.868542 14.48408 0.01636 
 2454786.870655 14.51193 0.01616 
 2454786.872766 14.49651 0.01622 
 2454786.874879 14.51875 0.01590 
 2454786.876989 14.48328 0.01608 
 2454786.879104 14.48920 0.01673 
 2454786.881219 14.52033 0.01712 
 2454786.883335 14.51775 0.01700 
 2454786.885442 14.52536 0.01686 
 2454786.887552 14.51944 0.01741 
 2454786.889662 14.50508 0.01775 
 2454786.891777 14.50097 0.01752 
 2454786.893885 14.49633 0.01733 
 2454786.895990 14.49074 0.01738 
 2454786.898099 14.51578 0.01713 
 2454786.900212 14.49265 0.01677 
 2454786.902326 14.51572 0.01631 
 2454786.904441 14.47839 0.01661 
 2454786.906551 14.51753 0.01723 
 2454786.908661 14.50391 0.01777 
 2454786.910772 14.48342 0.01763 
 2454786.912882 14.49973 0.01776 
 2454786.917097 14.49925 0.01761 
 2454786.919207 14.50488 0.01716 
 2454787.755338 14.49033 0.01370 
 2454787.765136 14.49204 0.01369 
 2454787.774938 14.49684 0.01321 
 2454787.784756 14.49923 0.01451 
 2454787.804375 14.49319 0.01472 
 2454787.808917 14.49901 0.01436 
 2454787.813453 14.51548 0.01328 
 2454787.817993 14.50431 0.01260 
 2454787.822534 14.50582 0.01410 
 2454787.831623 14.51383 0.01351 
 2454787.843094 14.50390 0.01241 
 2454787.847629 14.52001 0.01379 
 2454787.852169 14.51431 0.01426 
 2454787.856716 14.53383 0.01396 
 2454787.861253 14.51866 0.01381 
 2454787.865793 14.49376 0.01324 
 2454787.870330 14.50858 0.01287 
 2454787.874870 14.49098 0.01465 
 2454787.879407 14.48868 0.01471 
 2454787.883956 14.50753 0.01447 
 2454787.888496 14.51046 0.01382 
 2454787.893043 14.48343 0.01360 
 2454787.897576 14.50479 0.01366 
 2454787.902121 14.50407 0.01470 
 2454787.906661 14.51362 0.01467 
 2454787.911205 14.51192 0.01491 
 2454787.915743 14.51368 0.01538 
 2454788.755449 14.50027 0.01132 
 2454788.765250 14.48569 0.01207 
 2454788.775055 14.50341 0.01261 
 2454788.794654 14.50541 0.01357 
 2454788.808996 14.50918 0.01280 
 2454788.813538 14.50466 0.01224 
 2454788.818070 14.50704 0.01113 
 2454788.822608 14.49811 0.01136 
 2454788.827150 14.51842 0.01223 
 2454788.836222 14.52997 0.01168 
 2454788.840762 14.50703 0.01117 
 2454788.845304 14.50325 0.01172 
 2454788.849853 14.50522 0.01299 
 2454788.854385 14.50757 0.01303 
 2454788.858931 14.50443 0.01297 
 2454788.863468 14.52020 0.01203 
 2454788.868010 14.51472 0.01186 
 2454788.872553 14.51240 0.01218 
 2454788.877099 14.51227 0.01321 
 2454788.881637 14.52745 0.01335 
 2454788.886181 14.50787 0.01271 
 2454788.890723 14.50363 0.01268 
 2454788.895264 14.50311 0.01223 
 2454788.899818 14.48310 0.01340 
 2454788.904360 14.52114 0.01310 
 2454788.908895 14.51778 0.01376 
 2454788.913430 14.50299 0.01311 
 2454789.754110 14.50185 0.00875 
 2454789.766079 14.50017 0.01074 
 2454789.778041 14.50869 0.01070 
 2454789.789988 14.50712 0.01152 
 2454789.801956 14.51391 0.01066 
 2454789.809373 14.49782 0.01218 
 2454789.831644 14.48454 0.01210 
 2454789.846950 14.50406 0.01200 
 2454789.854585 14.50505 0.01320 
 2454789.862234 14.50809 0.01285 
 2454789.869881 14.50750 0.01232 
 2454789.877527 14.50113 0.01363 
 2454789.882064 14.50005 0.01161 
 2454789.886602 14.50926 0.01177 
 2454789.891142 14.46721 0.01215 
 2454789.895680 14.51827 0.01275 
 2454789.900219 14.51350 0.01252 
 2454789.904765 14.48729 0.01254 
 2454789.911685 14.51083 0.01224 
 2454790.750743 14.48706 0.01076 
 2454790.762704 14.49638 0.01049 
 2454790.798579 14.50015 0.01093 
 2454790.835882 14.50239 0.01135 
 2454790.858813 14.51070 0.01133 
 2454790.866473 14.50729 0.01155 
 2454790.874105 14.49999 0.01226 
 2454790.878635 14.50137 0.00987 
 2454790.883177 14.50863 0.00994 
 2454790.887715 14.48428 0.01151 
 2454790.892253 14.51635 0.01160 
 2454790.896789 14.50842 0.01142 
 2454790.901313 14.49240 0.01151 
 2454790.908235 14.47843 0.01089 
 2454791.749116 14.50159 0.00921 
 2454791.761086 14.51074 0.01111 
 2454791.773037 14.49282 0.01056 
 2454791.784978 14.52310 0.01024 
 2454791.828055 14.50362 0.01135 
 2454791.847657 14.49780 0.01104 
 2454791.874688 14.51193 0.01146 
 2454791.882096 14.48861 0.01001 
 2454791.889512 14.49543 0.01107 
 2454791.896929 14.50896 0.01108 
 2454791.904346 14.49698 0.01116 
 2454792.757885 14.50396 0.01022 
 2454792.769829 14.50735 0.00929 
 2454792.781785 14.51213 0.01016 
 2454792.875863 14.53340 0.01101 
 2454792.885475 14.50440 0.00876 
 2454792.904719 14.51683 0.01033 
 2454793.777071 14.42966 0.02047 
 2454794.740211 14.51824 0.00986 
 2454794.752176 14.50162 0.01015 
 2454794.764138 14.50577 0.01007 
 2454794.776090 14.50535 0.01067 
 2454794.790295 14.51630 0.01020 
 2454794.809543 14.48953 0.01026 
 2454794.828960 14.49894 0.01010 
 2454794.838759 14.50272 0.01044 
 2454794.860584 14.50467 0.00963 
 2454794.870191 14.50690 0.01091 
 2454794.889436 14.48378 0.01220 
 2454794.899059 14.49552 0.00952 
