\INPUT_FILE = /exodata/ETSS-prep/KELT/doN02/raw/KELT_N02_lc_000052_V01_east_tfa.dat
\INPUT_TYPE = "RAW"
\START_DATE = "Thu Oct 26, 04:44:09 2006"               
\STOP_DATE = "Mon Nov 24, 04:44:47 2008"               
\fixlen = T
\NUMRECORDS = 1766     
\
\ This file was produced by the NASA Exoplanet Archive  http://exoplanetarchive.ipac.caltech.edu 
\ Thu Feb 25, 17:08:33 2016
\ Documentation for the KELT Survey dataset can be found at http://exoplanetarchive.ipac.caltech.edu/docs/KELT.html
\
|          TIME|     MAG|MAG_ERR|
|          real|    real|   real|
|             d|     mag|    mag|
|          null|    null|   null|
 2454034.697330 12.94881 0.00374 
 2454034.701953 12.94362 0.00346 
 2454034.706575 12.94013 0.00399 
 2454034.711195 12.93061 0.00372 
 2454034.715816 12.93612 0.00350 
 2454034.721280 12.93835 0.00381 
 2454034.726743 12.93085 0.00361 
 2454034.728931 12.93429 0.00350 
 2454034.733552 12.94266 0.00348 
 2454034.738171 12.94528 0.00352 
 2454034.742791 12.94258 0.00344 
 2454034.747412 12.95053 0.00350 
 2454034.752032 12.93765 0.00345 
 2454034.756652 12.92728 0.00441 
 2454034.761271 12.93780 0.00342 
 2454034.765892 12.94533 0.00345 
 2454034.770512 12.93309 0.00337 
 2454034.775132 12.94168 0.00333 
 2454034.788988 12.94664 0.00355 
 2454034.793608 12.93181 0.00344 
 2454035.691028 12.94287 0.00364 
 2454035.695648 12.94359 0.00373 
 2454035.700270 12.93887 0.00380 
 2454035.704890 12.94019 0.00383 
 2454035.709512 12.94954 0.00390 
 2454035.714132 12.94484 0.00382 
 2454035.719593 12.95334 0.00367 
 2454035.721781 12.95137 0.00367 
 2454035.726402 12.94937 0.00369 
 2454035.731024 12.94235 0.00371 
 2454035.735647 12.93846 0.00359 
 2454035.740269 12.93753 0.00365 
 2454035.744889 12.93697 0.00356 
 2454035.749509 12.93187 0.00361 
 2454035.754130 12.94066 0.00351 
 2454035.758752 12.94176 0.00360 
 2454035.763372 12.94077 0.00359 
 2454035.767992 12.93876 0.00348 
 2454035.772612 12.93771 0.00347 
 2454035.777233 12.93463 0.00356 
 2454035.781854 12.93492 0.00345 
 2454035.786476 12.93786 0.00358 
 2454035.791096 12.94371 0.00346 
 2454036.691428 12.94107 0.00340 
 2454036.696047 12.93269 0.00374 
 2454036.700668 12.93985 0.00372 
 2454036.705288 12.94569 0.00362 
 2454036.709908 12.93565 0.00376 
 2454036.715372 12.94781 0.00369 
 2454036.720834 12.93500 0.00365 
 2454036.723022 12.93438 0.00395 
 2454036.727641 12.94104 0.00312 
 2454036.732260 12.93397 0.00373 
 2454036.736880 12.93966 0.00358 
 2454036.741499 12.93894 0.00361 
 2454036.746121 12.94267 0.00372 
 2454036.750741 12.94238 0.00342 
 2454036.755361 12.93925 0.00398 
 2454036.759981 12.93995 0.00363 
 2454036.764603 12.93120 0.00367 
 2454036.769224 12.93696 0.00366 
 2454036.773844 12.94117 0.00348 
 2454036.778464 12.94781 0.00366 
 2454036.783085 12.92848 0.00362 
 2454036.787706 12.94804 0.00351 
 2454037.685167 12.94928 0.00351 
 2454037.689788 12.94639 0.00377 
 2454037.694408 12.94301 0.00291 
 2454037.699029 12.96012 0.00289 
 2454037.703650 12.93837 0.00300 
 2454037.708272 12.94539 0.00347 
 2454037.713737 12.94131 0.00343 
 2454037.715925 12.95331 0.00335 
 2454037.720546 12.93684 0.00347 
 2454037.725167 12.94918 0.00343 
 2454037.729789 12.94023 0.00335 
 2454037.734411 12.93860 0.00335 
 2454037.739033 12.93219 0.00333 
 2454037.743653 12.94255 0.00339 
 2454037.748274 12.94890 0.00332 
 2454037.752895 12.94658 0.00333 
 2454037.757517 12.93944 0.00335 
 2454037.762139 12.94560 0.00334 
 2454037.766760 12.94301 0.00339 
 2454037.771381 12.95039 0.00331 
 2454037.776002 12.93933 0.00337 
 2454037.780624 12.94463 0.00334 
 2454037.785245 12.93885 0.00332 
 2454038.735588 12.93782 0.00345 
 2454038.740209 12.94439 0.00337 
 2454038.758691 12.93343 0.00327 
 2454038.767932 12.94185 0.00281 
 2454038.772554 12.93750 0.00334 
 2454038.777175 12.94432 0.00281 
 2454038.781796 12.93146 0.00327 
 2454039.676434 12.94343 0.00436 
 2454039.681054 12.93791 0.00441 
 2454039.685675 12.93990 0.00433 
 2454039.690296 12.93848 0.00427 
 2454039.694917 12.94677 0.00431 
 2454039.699538 12.94312 0.00424 
 2454039.705000 12.94132 0.00402 
 2454039.707189 12.93898 0.00408 
 2454039.711809 12.93995 0.00402 
 2454039.716430 12.94407 0.00401 
 2454039.721049 12.94174 0.00408 
 2454039.725669 12.93996 0.00401 
 2454039.730289 12.94057 0.00392 
 2454039.734910 12.94273 0.00404 
 2454039.739530 12.94513 0.00399 
 2454039.744150 12.94284 0.00400 
 2454039.748771 12.94230 0.00395 
 2454039.753393 12.93902 0.00396 
 2454039.758013 12.95043 0.00393 
 2454039.762634 12.93953 0.00394 
 2454039.767256 12.95492 0.00390 
 2454039.771875 12.93880 0.00386 
 2454039.776495 12.93705 0.00380 
 2454039.781115 12.94939 0.00402 
 2454040.685923 12.93894 0.00455 
 2454040.688110 12.93501 0.00461 
 2454040.690298 12.94470 0.00446 
 2454040.692486 12.93079 0.00447 
 2454040.694674 12.94051 0.00446 
 2454040.696862 12.93961 0.00452 
 2454040.699049 12.93940 0.00449 
 2454040.701237 12.94152 0.00445 
 2454040.703425 12.93152 0.00446 
 2454040.708045 12.93754 0.00442 
 2454040.712666 12.93872 0.00434 
 2454040.717287 12.94369 0.00438 
 2454040.721906 12.93529 0.00437 
 2454040.726526 12.94079 0.00449 
 2454040.731146 12.93742 0.00435 
 2454040.735765 12.94489 0.00440 
 2454040.740386 12.93847 0.00443 
 2454040.745006 12.93712 0.00435 
 2454040.749625 12.93944 0.00445 
 2454040.754245 12.93450 0.00433 
 2454040.758865 12.94681 0.00443 
 2454040.763485 12.93499 0.00424 
 2454040.768107 12.93786 0.00434 
 2454040.772728 12.93838 0.00428 
 2454040.777349 12.94452 0.00430 
 2454048.666500 12.94828 0.00415 
 2454048.671019 12.93883 0.00419 
 2454048.675540 12.92460 0.00418 
 2454048.680900 12.93423 0.00410 
 2454048.686262 12.94012 0.00414 
 2454048.691624 12.92920 0.00428 
 2454048.696984 12.92532 0.00421 
 2454048.699084 12.93297 0.00431 
 2454048.703605 12.93766 0.00410 
 2454048.708124 12.94189 0.00429 
 2454048.712704 12.94285 0.00408 
 2454048.717223 12.93926 0.00417 
 2454048.721743 12.93855 0.00417 
 2454048.726267 12.93338 0.00412 
 2454048.730787 12.95174 0.00424 
 2454048.735304 12.92926 0.00413 
 2454048.739824 12.93576 0.00411 
 2454048.744344 12.94041 0.00420 
 2454048.748864 12.94750 0.00424 
 2454048.753384 12.93616 0.00421 
 2454050.661443 12.93542 0.00355 
 2454050.665961 12.94416 0.00361 
 2454050.670486 12.94721 0.00378 
 2454050.675859 12.92750 0.00355 
 2454050.681227 12.94352 0.00361 
 2454050.686590 12.94235 0.00352 
 2454050.691959 12.94597 0.00348 
 2454050.694063 12.94196 0.00345 
 2454050.698585 12.93939 0.00364 
 2454050.703103 12.93008 0.00356 
 2454050.707628 12.93791 0.00346 
 2454050.712143 12.93998 0.00357 
 2454050.721189 12.94319 0.00358 
 2454050.725707 12.93648 0.00360 
 2454050.730228 12.93851 0.00357 
 2454050.734754 12.93670 0.00363 
 2454050.739272 12.93750 0.00370 
 2454050.743796 12.94143 0.00370 
 2454050.748318 12.94304 0.00368 
 2454052.657430 12.94885 0.00393 
 2454052.661956 12.94239 0.00372 
 2454052.666475 12.93188 0.00357 
 2454052.671844 12.93081 0.00337 
 2454052.682575 12.94524 0.00363 
 2454052.687946 12.94319 0.00358 
 2454052.690052 12.92972 0.00351 
 2454052.694574 12.94791 0.00355 
 2454052.699097 12.94477 0.00375 
 2454052.703616 12.92893 0.00357 
 2454052.708139 12.93850 0.00365 
 2454052.712656 12.93792 0.00358 
 2454052.717178 12.93397 0.00372 
 2454052.721694 12.94160 0.00351 
 2454052.730734 12.94531 0.00367 
 2454052.735259 12.94082 0.00356 
 2454052.739783 12.93642 0.00346 
 2454052.744299 12.92839 0.00376 
 2454053.651245 12.93731 0.00349 
 2454053.655770 12.94809 0.00375 
 2454053.660295 12.93549 0.00340 
 2454053.664818 12.93809 0.00370 
 2454053.670182 12.94175 0.00361 
 2454053.675551 12.93996 0.00348 
 2454053.680921 12.93333 0.00360 
 2454053.686292 12.94285 0.00355 
 2454053.688397 12.93128 0.00359 
 2454053.692922 12.94192 0.00355 
 2454053.697438 12.94299 0.00334 
 2454053.706490 12.93810 0.00336 
 2454053.711014 12.93603 0.00344 
 2454053.715536 12.94191 0.00335 
 2454053.720054 12.94692 0.00333 
 2454053.724578 12.94024 0.00336 
 2454053.729100 12.94025 0.00336 
 2454053.733619 12.93921 0.00339 
 2454053.738144 12.94623 0.00335 
 2454053.742669 12.94567 0.00336 
 2454054.652340 12.92552 0.00352 
 2454054.656858 12.93866 0.00339 
 2454054.661383 12.95041 0.00344 
 2454054.666755 12.94177 0.00338 
 2454054.672125 12.94053 0.00336 
 2454054.677497 12.94975 0.00343 
 2454054.682867 12.94878 0.00344 
 2454054.684971 12.94362 0.00334 
 2454054.689493 12.94002 0.00338 
 2454054.694012 12.94017 0.00338 
 2454054.698536 12.94636 0.00338 
 2454054.703058 12.93999 0.00333 
 2454054.707575 12.93981 0.00337 
 2454054.712099 12.93487 0.00334 
 2454054.716624 12.93882 0.00330 
 2454054.721147 12.94345 0.00334 
 2454054.725665 12.94022 0.00339 
 2454054.730189 12.93975 0.00339 
 2454054.734714 12.93392 0.00334 
 2454054.739238 12.93482 0.00329 
 2454055.646626 12.94609 0.00366 
 2454055.651150 12.94201 0.00359 
 2454055.655676 12.94535 0.00351 
 2454055.661040 12.94039 0.00359 
 2454055.666408 12.93908 0.00360 
 2454055.671778 12.93065 0.00350 
 2454055.677148 12.92765 0.00349 
 2454055.679253 12.93476 0.00346 
 2454055.683777 12.94015 0.00343 
 2454055.688302 12.95259 0.00340 
 2454055.692827 12.94081 0.00333 
 2454055.697343 12.94358 0.00336 
 2454055.701867 12.95123 0.00337 
 2454055.706389 12.93924 0.00341 
 2454055.710907 12.94386 0.00333 
 2454055.715432 12.93350 0.00340 
 2454055.719956 12.94225 0.00341 
 2454055.724473 12.94626 0.00339 
 2454055.728997 12.94720 0.00332 
 2454055.733520 12.93939 0.00330 
 2454056.647318 12.93934 0.00350 
 2454056.651837 12.93941 0.00350 
 2454056.656361 12.94807 0.00338 
 2454056.661723 12.95616 0.00348 
 2454056.667091 12.93842 0.00349 
 2454056.672454 12.93891 0.00344 
 2454056.677821 12.93790 0.00335 
 2454056.679924 12.94513 0.00337 
 2454056.684448 12.93836 0.00340 
 2454056.688972 12.93251 0.00335 
 2454056.693492 12.94648 0.00337 
 2454056.698015 12.94105 0.00334 
 2454056.702537 12.94089 0.00331 
 2454056.707056 12.93902 0.00327 
 2454056.711581 12.93884 0.00335 
 2454056.716105 12.94742 0.00337 
 2454056.720631 12.94265 0.00330 
 2454056.725154 12.94355 0.00331 
 2454056.729671 12.94028 0.00321 
 2454056.734196 12.94496 0.00324 
 2454057.641528 12.94239 0.00373 
 2454057.646052 12.93084 0.00353 
 2454057.650575 12.93877 0.00357 
 2454057.655939 12.94349 0.00351 
 2454057.661302 12.94026 0.00366 
 2454057.666667 12.94100 0.00356 
 2454057.672036 12.94257 0.00347 
 2454057.677400 12.94070 0.00359 
 2454057.679503 12.94352 0.00348 
 2454057.684026 12.94514 0.00343 
 2454057.688542 12.94232 0.00337 
 2454057.693066 12.93501 0.00352 
 2454057.697587 12.94158 0.00343 
 2454057.702107 12.94270 0.00343 
 2454057.706631 12.94205 0.00350 
 2454057.711156 12.93785 0.00349 
 2454057.715681 12.94108 0.00344 
 2454057.720203 12.93727 0.00341 
 2454057.724722 12.94193 0.00337 
 2454057.729246 12.94087 0.00349 
 2454058.641923 12.94608 0.00336 
 2454058.646443 12.95291 0.00334 
 2454058.650963 12.93969 0.00350 
 2454058.656328 12.92824 0.00342 
 2454058.661697 12.92925 0.00344 
 2454058.667066 12.92472 0.00336 
 2454058.672429 12.93709 0.00343 
 2454058.674533 12.94255 0.00341 
 2454058.679057 12.93609 0.00336 
 2454058.683579 12.94668 0.00339 
 2454058.688097 12.93992 0.00332 
 2454058.692621 12.93223 0.00338 
 2454058.697147 12.94486 0.00333 
 2454058.701672 12.94665 0.00332 
 2454058.706194 12.93470 0.00327 
 2454058.710713 12.93852 0.00331 
 2454058.715237 12.94338 0.00331 
 2454058.719762 12.94990 0.00333 
 2454058.724285 12.94031 0.00329 
 2454058.728802 12.94070 0.00329 
 2454059.580521 12.94242 0.00366 
 2454059.585045 12.94596 0.00357 
 2454059.589567 12.94356 0.00362 
 2454059.594085 12.94557 0.00376 
 2454059.598608 12.94474 0.00359 
 2454059.603125 12.94475 0.00363 
 2454059.607649 12.94430 0.00353 
 2454059.612171 12.93658 0.00359 
 2454059.616690 12.92539 0.00367 
 2454059.621213 12.93897 0.00353 
 2454059.625736 12.94137 0.00354 
 2454059.630255 12.94372 0.00359 
 2454059.634780 12.94321 0.00348 
 2454059.639301 12.93498 0.00358 
 2454059.643819 12.94327 0.00347 
 2454059.648340 12.94808 0.00355 
 2454059.653704 12.93900 0.00338 
 2454059.659067 12.93786 0.00349 
 2454059.664434 12.92962 0.00340 
 2454059.666537 12.93798 0.00338 
 2454059.671060 12.94521 0.00339 
 2454059.675579 12.93198 0.00344 
 2454059.680103 12.93860 0.00349 
 2454059.684625 12.94372 0.00338 
 2454059.689144 12.93945 0.00331 
 2454059.693667 12.94304 0.00338 
 2454059.698190 12.94506 0.00332 
 2454059.702708 12.94125 0.00335 
 2454059.707232 12.94371 0.00336 
 2454059.711754 12.93757 0.00327 
 2454059.716273 12.94168 0.00335 
 2454059.720797 12.93633 0.00326 
 2454059.725318 12.94242 0.00332 
 2454060.580529 12.93058 0.00409 
 2454060.585051 12.94414 0.00392 
 2454060.589569 12.93412 0.00400 
 2454060.594094 12.92564 0.00394 
 2454060.598617 12.93868 0.00390 
 2454060.603135 12.93857 0.00389 
 2454060.607659 12.93984 0.00378 
 2454060.612185 12.93344 0.00380 
 2454060.616710 12.93743 0.00381 
 2454060.621233 12.94595 0.00371 
 2454060.625750 12.93623 0.00363 
 2454060.630275 12.94084 0.00369 
 2454060.634796 12.94407 0.00355 
 2454060.639314 12.94629 0.00357 
 2454060.643840 12.93582 0.00352 
 2454060.649210 12.94035 0.00352 
 2454060.654581 12.93751 0.00361 
 2454060.659952 12.94368 0.00354 
 2454060.665322 12.92952 0.00347 
 2454060.667427 12.94428 0.00343 
 2454060.671947 12.94635 0.00347 
 2454060.676475 12.93484 0.00338 
 2454060.680994 12.94791 0.00335 
 2454060.685518 12.94390 0.00339 
 2454060.690040 12.94516 0.00338 
 2454060.694558 12.93109 0.00337 
 2454060.699081 12.93495 0.00336 
 2454060.705749 12.94871 0.00341 
 2454060.710272 12.93766 0.00329 
 2454060.714790 12.93802 0.00328 
 2454060.719313 12.94431 0.00328 
 2454060.723837 12.94475 0.00329 
 2454061.580528 12.93437 0.00376 
 2454061.585051 12.94080 0.00386 
 2454061.589570 12.93186 0.00369 
 2454061.594095 12.93007 0.00372 
 2454061.598620 12.94327 0.00358 
 2454061.603145 12.94426 0.00366 
 2454061.607668 12.93585 0.00370 
 2454061.612184 12.93877 0.00348 
 2454061.616709 12.94279 0.00350 
 2454061.621231 12.94732 0.00363 
 2454061.625749 12.93136 0.00362 
 2454061.630274 12.92944 0.00350 
 2454061.634800 12.94093 0.00349 
 2454061.639326 12.94817 0.00357 
 2454061.644689 12.94678 0.00355 
 2454061.650057 12.93916 0.00340 
 2454061.655425 12.94462 0.00349 
 2454061.660795 12.94346 0.00334 
 2454061.662893 12.93983 0.00330 
 2454061.667415 12.93748 0.00347 
 2454061.671937 12.94322 0.00344 
 2454061.676463 12.94703 0.00333 
 2454061.680989 12.93882 0.00335 
 2454061.685514 12.93837 0.00341 
 2454061.690033 12.95014 0.00343 
 2454061.694557 12.94287 0.00329 
 2454061.699080 12.93845 0.00328 
 2454061.703604 12.93435 0.00328 
 2454061.708131 12.94906 0.00327 
 2454061.712655 12.94323 0.00327 
 2454061.717174 12.94878 0.00323 
 2454066.579809 12.94305 0.00314 
 2454066.584334 12.94208 0.00383 
 2454066.588851 12.93274 0.00466 
 2454066.593373 12.94304 0.00400 
 2454066.597899 12.94297 0.00383 
 2454066.602417 12.94699 0.00385 
 2454066.606942 12.94827 0.00383 
 2454066.611464 12.94600 0.00377 
 2454066.615989 12.93539 0.00376 
 2454066.620509 12.94848 0.00374 
 2454066.625032 12.94044 0.00371 
 2454066.629556 12.93671 0.00364 
 2454066.634920 12.93683 0.00383 
 2454066.640289 12.93617 0.00368 
 2454066.647762 12.93789 0.00347 
 2454066.652278 12.95198 0.00339 
 2454066.661325 12.93350 0.00340 
 2454066.665849 12.93226 0.00456 
 2454066.670365 12.94221 0.00342 
 2454066.679406 12.94073 0.00398 
 2454066.683931 12.93974 0.00404 
 2454066.688452 12.94738 0.00437 
 2454066.692972 12.93594 0.00362 
 2454066.697497 12.94097 0.00325 
 2454066.702021 12.94500 0.00368 
 2454066.706547 12.93484 0.00686 
 2454077.579764 12.95032 0.00372 
 2454077.584281 12.92877 0.00364 
 2454077.588794 12.93179 0.00358 
 2454077.593309 12.95147 0.00361 
 2454077.597830 12.94444 0.00359 
 2454077.603194 12.93754 0.00388 
 2454077.613925 12.93502 0.00387 
 2454077.619287 12.94572 0.00367 
 2454077.621395 12.93665 0.00385 
 2454077.625912 12.93478 0.00372 
 2454077.630425 12.94712 0.00383 
 2454077.634939 12.93825 0.00400 
 2454077.639453 12.94301 0.00394 
 2454077.643967 12.93704 0.00402 
 2454077.648480 12.94952 0.00416 
 2454077.653002 12.94608 0.00424 
 2454077.657522 12.94451 0.00432 
 2454077.662044 12.94152 0.00419 
 2454077.666559 12.93435 0.00427 
 2454077.671072 12.94345 0.00434 
 2454077.675584 12.94707 0.00435 
 2454078.579757 12.93719 0.00366 
 2454078.584280 12.92258 0.00358 
 2454078.588798 12.94471 0.00363 
 2454078.593311 12.95986 0.00355 
 2454078.604034 12.95126 0.00366 
 2454078.609394 12.94578 0.00362 
 2454078.614762 12.94233 0.00352 
 2454078.616870 12.92879 0.00354 
 2454078.621392 12.94399 0.00362 
 2454078.625905 12.94215 0.00359 
 2454078.630419 12.94659 0.00345 
 2454078.634933 12.94070 0.00351 
 2454078.639446 12.94143 0.00364 
 2454078.643962 12.95438 0.00352 
 2454078.648475 12.94573 0.00347 
 2454078.652989 12.92494 0.00354 
 2454078.657502 12.94164 0.00353 
 2454078.662016 12.94239 0.00346 
 2454078.666530 12.95167 0.00351 
 2454078.671044 12.94564 0.00352 
 2454079.667575 12.94762 0.00330 
 2454080.579729 12.93957 0.00356 
 2454080.584243 12.94646 0.00349 
 2454080.588759 12.93857 0.00350 
 2454080.599487 12.93058 0.00348 
 2454080.604850 12.93593 0.00344 
 2454080.610210 12.93798 0.00341 
 2454080.612318 12.94320 0.00341 
 2454080.616835 12.94602 0.00348 
 2454080.621349 12.94301 0.00341 
 2454080.625864 12.93931 0.00345 
 2454080.630378 12.94567 0.00354 
 2454080.634893 12.94081 0.00330 
 2454080.639418 12.93150 0.00328 
 2454080.643933 12.94328 0.00341 
 2454080.648455 12.94607 0.00352 
 2454080.652970 12.94608 0.00342 
 2454080.657483 12.93820 0.00342 
 2454080.662000 12.93391 0.00336 
 2454080.666523 12.93937 0.00327 
 2454081.580718 12.93513 0.00344 
 2454081.585239 12.93651 0.00352 
 2454081.590603 12.94304 0.00359 
 2454081.595973 12.93721 0.00349 
 2454081.601342 12.94267 0.00352 
 2454081.606711 12.94003 0.00354 
 2454081.608820 12.94429 0.00352 
 2454081.613340 12.94269 0.00352 
 2454081.617854 12.94254 0.00342 
 2454081.622368 12.94276 0.00347 
 2454081.626882 12.94193 0.00348 
 2454081.631397 12.94516 0.00348 
 2454081.635918 12.93806 0.00340 
 2454081.640443 12.94953 0.00349 
 2454081.644959 12.93954 0.00349 
 2454081.649483 12.95523 0.00344 
 2454081.653999 12.94121 0.00348 
 2454081.658514 12.93779 0.00335 
 2454081.663037 12.93460 0.00348 
 2454082.580708 12.93228 0.00373 
 2454082.595951 12.92858 0.00474 
 2454082.601323 12.92521 0.00360 
 2454082.603432 12.93874 0.00360 
 2454082.607947 12.94092 0.00373 
 2454082.616975 12.92707 0.00399 
 2454082.630517 12.94566 0.00531 
 2454082.639545 12.93292 0.00421 
 2454082.644059 12.94672 0.00350 
 2454082.653086 12.93718 0.00359 
 2454082.657601 12.93268 0.00311 
 2454082.662115 12.93620 0.00357 
 2454083.580709 12.94645 0.00374 
 2454083.586072 12.94505 0.00354 
 2454083.591437 12.94569 0.00389 
 2454083.596800 12.94200 0.00363 
 2454083.602167 12.94550 0.00355 
 2454083.604270 12.94613 0.00345 
 2454083.613299 12.93199 0.00335 
 2454083.617814 12.94894 0.00362 
 2454083.626842 12.92656 0.00363 
 2454083.635870 12.95144 0.00499 
 2454083.640384 12.93629 0.00365 
 2454083.644898 12.93198 0.00347 
 2454083.649412 12.93733 0.00351 
 2454083.653926 12.94005 0.00372 
 2454093.581229 12.94274 0.00361 
 2454093.585959 12.93693 0.00364 
 2454093.590688 12.93491 0.00367 
 2454093.595418 12.94332 0.00355 
 2454093.600146 12.92955 0.00355 
 2454093.604873 12.93683 0.00357 
 2454093.609602 12.93562 0.00353 
 2454093.614332 12.94017 0.00358 
 2454093.619059 12.94058 0.00344 
 2454093.623785 12.93279 0.00367 
 2454093.628516 12.94638 0.00359 
 2454093.633243 12.92831 0.00359 
 2454107.587528 12.94407 0.00334 
 2454107.592258 12.94282 0.00332 
 2454108.588224 12.94103 0.00334 
 2454362.811812 12.94194 0.00352 
 2454362.822059 12.93776 0.00351 
 2454362.827601 12.94099 0.00346 
 2454362.833143 12.94393 0.00337 
 2454362.835339 12.92852 0.00345 
 2454362.840036 12.94422 0.00334 
 2454362.844725 12.93755 0.00340 
 2454362.849430 12.94118 0.00334 
 2454362.854127 12.93968 0.00342 
 2454362.858823 12.94959 0.00337 
 2454362.863510 12.93881 0.00335 
 2454362.868216 12.94224 0.00331 
 2454362.872913 12.94119 0.00325 
 2454362.877610 12.93428 0.00326 
 2454362.882298 12.94635 0.00321 
 2454362.887004 12.94426 0.00334 
 2454362.891700 12.94366 0.00326 
 2454362.896397 12.93561 0.00327 
 2454363.802049 12.95406 0.00337 
 2454363.806757 12.93227 0.00339 
 2454363.811465 12.94449 0.00338 
 2454363.817020 12.93394 0.00335 
 2454363.822575 12.94267 0.00328 
 2454363.828129 12.94509 0.00328 
 2454363.833682 12.93157 0.00328 
 2454363.835883 12.94121 0.00319 
 2454363.840589 12.93620 0.00327 
 2454363.845296 12.94505 0.00324 
 2454363.850002 12.93538 0.00338 
 2454363.854707 12.93905 0.00333 
 2454363.859413 12.94060 0.00329 
 2454363.864119 12.93939 0.00334 
 2454363.868825 12.94332 0.00319 
 2454363.873532 12.94713 0.00328 
 2454363.878238 12.94485 0.00309 
 2454363.882944 12.94669 0.00341 
 2454363.887652 12.94319 0.00314 
 2454363.892358 12.93043 0.00317 
 2454378.765697 12.93954 0.00370 
 2454378.818299 12.93912 0.00346 
 2454378.823001 12.93961 0.00426 
 2454378.827703 12.93316 0.00284 
 2454379.801083 12.93929 0.00296 
 2454380.761807 12.93485 0.00419 
 2454380.766514 12.93152 0.00414 
 2454381.774033 12.94930 0.00358 
 2454381.779582 12.94034 0.00348 
 2454381.781780 12.94238 0.00347 
 2454381.786482 12.93870 0.00343 
 2454381.791186 12.93322 0.00343 
 2454381.795882 12.94525 0.00345 
 2454381.800593 12.94724 0.00345 
 2454381.805296 12.93963 0.00342 
 2454381.809999 12.94335 0.00335 
 2454381.814698 12.94224 0.00323 
 2454381.819406 12.94838 0.00328 
 2454381.824111 12.94011 0.00318 
 2454381.828812 12.94658 0.00326 
 2454381.833516 12.93734 0.00329 
 2454381.838216 12.94350 0.00315 
 2454381.842917 12.93608 0.00322 
 2454382.746250 12.93607 0.00343 
 2454382.750956 12.94853 0.00343 
 2454382.755662 12.94447 0.00345 
 2454382.760369 12.94092 0.00341 
 2454382.765923 12.93928 0.00341 
 2454382.771476 12.93856 0.00336 
 2454382.777030 12.94282 0.00328 
 2454382.779231 12.93589 0.00339 
 2454382.783922 12.93949 0.00331 
 2454382.788644 12.93599 0.00337 
 2454382.793352 12.94034 0.00336 
 2454382.798060 12.93849 0.00320 
 2454382.802760 12.94050 0.00337 
 2454382.807473 12.94053 0.00321 
 2454382.812182 12.94268 0.00331 
 2454382.816886 12.94272 0.00337 
 2454382.821589 12.94176 0.00319 
 2454382.826288 12.94385 0.00330 
 2454382.831003 12.94056 0.00321 
 2454382.835710 12.93616 0.00339 
 2454382.840417 12.93777 0.00317 
 2454384.745157 12.94628 0.00347 
 2454384.749865 12.94260 0.00345 
 2454384.754571 12.95189 0.00346 
 2454384.760120 12.94107 0.00340 
 2454384.765672 12.93882 0.00343 
 2454384.771224 12.93620 0.00331 
 2454384.773426 12.94172 0.00339 
 2454384.778130 12.94289 0.00325 
 2454384.782826 12.94024 0.00348 
 2454384.787542 12.94349 0.00334 
 2454384.792246 12.93624 0.00325 
 2454384.796954 12.93746 0.00330 
 2454384.801654 12.94820 0.00323 
 2454384.806372 12.94090 0.00326 
 2454384.811079 12.93911 0.00322 
 2454384.815787 12.94437 0.00317 
 2454384.820485 12.94589 0.00319 
 2454384.825198 12.94448 0.00315 
 2454384.829905 12.94235 0.00330 
 2454384.834609 12.94333 0.00314 
 2454385.738727 12.94584 0.00328 
 2454385.743430 12.93902 0.00323 
 2454385.748133 12.93754 0.00324 
 2454385.752836 12.93387 0.00317 
 2454385.758385 12.93394 0.00330 
 2454385.763935 12.94828 0.00329 
 2454385.769482 12.93791 0.00305 
 2454385.771679 12.94342 0.00324 
 2454385.776383 12.94435 0.00312 
 2454385.781089 12.92991 0.00319 
 2454385.785792 12.94351 0.00321 
 2454385.790495 12.93433 0.00318 
 2454385.795199 12.93910 0.00328 
 2454385.799903 12.93981 0.00314 
 2454385.804606 12.93555 0.00321 
 2454385.809308 12.94020 0.00320 
 2454385.814010 12.93781 0.00324 
 2454385.818714 12.93980 0.00310 
 2454385.823417 12.93915 0.00320 
 2454385.828119 12.94240 0.00320 
 2454385.832820 12.93817 0.00315 
 2454386.739956 12.93862 0.00327 
 2454386.744658 12.92940 0.00327 
 2454386.749361 12.94015 0.00328 
 2454386.754911 12.93496 0.00330 
 2454386.760459 12.94482 0.00322 
 2454386.766009 12.94729 0.00320 
 2454386.768209 12.94478 0.00323 
 2454386.772913 12.94213 0.00321 
 2454386.777616 12.93782 0.00341 
 2454386.782319 12.94052 0.00330 
 2454386.787024 12.93434 0.00327 
 2454386.791727 12.93812 0.00330 
 2454386.796430 12.93682 0.00327 
 2454386.801133 12.93787 0.00323 
 2454386.805838 12.94108 0.00327 
 2454386.810541 12.93382 0.00313 
 2454386.815243 12.94456 0.00327 
 2454386.819950 12.94038 0.00344 
 2454386.824654 12.94164 0.00327 
 2454386.829357 12.93205 0.00326 
 2454387.727807 12.92897 0.00342 
 2454387.732509 12.94966 0.00345 
 2454387.737210 12.95362 0.00342 
 2454387.741915 12.94414 0.00347 
 2454387.752163 12.93096 0.00336 
 2454387.757714 12.94655 0.00344 
 2454387.759912 12.92748 0.00335 
 2454387.764616 12.94605 0.00344 
 2454387.769320 12.93101 0.00332 
 2454387.774024 12.94238 0.00335 
 2454387.778727 12.94079 0.00334 
 2454387.783429 12.93729 0.00331 
 2454387.788133 12.94788 0.00330 
 2454387.792835 12.94360 0.00335 
 2454387.797539 12.94304 0.00316 
 2454387.802243 12.94306 0.00325 
 2454387.806950 12.94124 0.00323 
 2454387.811655 12.94846 0.00333 
 2454387.816349 12.94452 0.00340 
 2454387.821060 12.94377 0.00319 
 2454387.825764 12.93884 0.00335 
 2454388.728374 12.94339 0.00367 
 2454388.733084 12.94168 0.00347 
 2454388.752777 12.93706 0.00350 
 2454388.758336 12.93563 0.00344 
 2454388.760538 12.93444 0.00351 
 2454388.765241 12.94793 0.00340 
 2454388.769962 12.94978 0.00335 
 2454388.774673 12.93992 0.00337 
 2454388.779385 12.94947 0.00334 
 2454388.784086 12.93781 0.00350 
 2454388.788805 12.94320 0.00329 
 2454388.793516 12.94028 0.00335 
 2454388.798226 12.94312 0.00344 
 2454388.802927 12.94446 0.00324 
 2454388.807647 12.94561 0.00346 
 2454388.812357 12.94520 0.00310 
 2454388.817067 12.93844 0.00330 
 2454388.821755 12.94479 0.00328 
 2454389.726385 12.94468 0.00354 
 2454389.731073 12.94933 0.00343 
 2454389.745977 12.94112 0.00346 
 2454389.751510 12.94129 0.00353 
 2454389.753700 12.93900 0.00332 
 2454389.758387 12.94518 0.00341 
 2454389.763074 12.94170 0.00340 
 2454389.767761 12.94315 0.00336 
 2454389.772447 12.93640 0.00340 
 2454389.777133 12.94408 0.00332 
 2454389.781820 12.94152 0.00338 
 2454389.786506 12.94139 0.00332 
 2454389.791193 12.93259 0.00336 
 2454389.795881 12.94250 0.00333 
 2454389.800568 12.93899 0.00330 
 2454389.805256 12.94144 0.00333 
 2454389.809944 12.93511 0.00334 
 2454389.814630 12.94649 0.00325 
 2454389.819317 12.94068 0.00339 
 2454390.721602 12.94466 0.00348 
 2454390.726300 12.93963 0.00355 
 2454390.731016 12.94241 0.00348 
 2454390.735722 12.94134 0.00349 
 2454390.740420 12.94119 0.00342 
 2454390.745980 12.93499 0.00338 
 2454390.751531 12.93823 0.00333 
 2454390.753731 12.94188 0.00338 
 2454390.758436 12.93944 0.00341 
 2454390.763143 12.93248 0.00327 
 2454390.767848 12.93741 0.00334 
 2454390.772554 12.93818 0.00332 
 2454390.777258 12.94425 0.00327 
 2454390.781957 12.94440 0.00331 
 2454390.786671 12.94046 0.00330 
 2454390.791378 12.94201 0.00333 
 2454390.796077 12.94521 0.00335 
 2454390.800787 12.94040 0.00328 
 2454390.805493 12.94261 0.00328 
 2454390.810198 12.94373 0.00335 
 2454390.814883 12.94055 0.00330 
 2454390.819608 12.94270 0.00336 
 2454391.720986 12.95399 0.00340 
 2454391.725702 12.93601 0.00338 
 2454391.730413 12.93235 0.00331 
 2454391.735118 12.94562 0.00332 
 2454391.740672 12.93786 0.00337 
 2454391.746228 12.94170 0.00334 
 2454391.751786 12.93680 0.00335 
 2454391.753988 12.94045 0.00334 
 2454391.758694 12.93306 0.00328 
 2454391.763408 12.93554 0.00332 
 2454391.768120 12.93463 0.00336 
 2454391.772829 12.93959 0.00333 
 2454391.777539 12.94156 0.00331 
 2454391.782241 12.93912 0.00328 
 2454391.786960 12.93896 0.00319 
 2454391.791668 12.94177 0.00325 
 2454391.796377 12.94323 0.00330 
 2454391.801079 12.94221 0.00334 
 2454391.805795 12.94018 0.00328 
 2454391.810505 12.93993 0.00322 
 2454391.815216 12.93886 0.00330 
 2454392.721393 12.94359 0.00370 
 2454392.726110 12.94272 0.00377 
 2454392.730821 12.94462 0.00364 
 2454392.735532 12.93289 0.00351 
 2454392.741088 12.94033 0.00352 
 2454392.746644 12.93872 0.00355 
 2454392.748846 12.93408 0.00346 
 2454392.753555 12.94305 0.00341 
 2454392.758256 12.94303 0.00333 
 2454392.762974 12.94075 0.00329 
 2454392.767683 12.94072 0.00322 
 2454392.772393 12.93681 0.00331 
 2454392.777094 12.94321 0.00326 
 2454392.781798 12.94167 0.00331 
 2454392.786519 12.94355 0.00323 
 2454392.791228 12.93754 0.00333 
 2454392.795929 12.93810 0.00319 
 2454392.800646 12.94003 0.00322 
 2454392.805358 12.93317 0.00329 
 2454392.810071 12.94047 0.00329 
 2454393.715027 12.93092 0.00387 
 2454393.719736 12.94021 0.00379 
 2454393.724438 12.93270 0.00385 
 2454393.729153 12.94676 0.00373 
 2454393.733863 12.94486 0.00367 
 2454393.739419 12.94955 0.00371 
 2454393.744976 12.93760 0.00367 
 2454393.747172 12.93771 0.00358 
 2454393.751888 12.93955 0.00363 
 2454393.756599 12.93935 0.00346 
 2454393.761301 12.94066 0.00354 
 2454393.766019 12.94691 0.00362 
 2454393.770730 12.93510 0.00344 
 2454393.775441 12.93944 0.00357 
 2454393.780141 12.94007 0.00338 
 2454393.784859 12.94036 0.00353 
 2454393.789570 12.93905 0.00348 
 2454393.794279 12.93906 0.00342 
 2454393.798988 12.94037 0.00337 
 2454393.803688 12.94363 0.00332 
 2454393.808409 12.94270 0.00339 
 2454394.734637 12.93347 0.00386 
 2454394.736834 12.94072 0.00411 
 2454394.741549 12.93440 0.00376 
 2454394.746256 12.94069 0.00379 
 2454394.750963 12.93234 0.00392 
 2454394.755673 12.94616 0.00377 
 2454394.760384 12.93553 0.00371 
 2454394.765092 12.94073 0.00376 
 2454394.769793 12.94246 0.00387 
 2454394.774512 12.94005 0.00371 
 2454394.779222 12.94480 0.00380 
 2454394.783931 12.94364 0.00374 
 2454394.788633 12.94186 0.00371 
 2454394.793350 12.94045 0.00373 
 2454394.798062 12.93827 0.00384 
 2454394.802772 12.95061 0.00360 
 2454394.807479 12.93551 0.00364 
 2454395.753172 12.93768 0.00452 
 2454395.762588 12.93681 0.00445 
 2454395.767287 12.93892 0.00446 
 2454395.772002 12.93796 0.00441 
 2454395.776711 12.94377 0.00436 
 2454395.781420 12.93643 0.00441 
 2454395.786129 12.94445 0.00436 
 2454395.790828 12.93853 0.00429 
 2454395.795545 12.94911 0.00429 
 2454395.800253 12.93557 0.00424 
 2454395.804960 12.94899 0.00420 
 2454403.746917 12.92895 0.00436 
 2454403.749119 12.93999 0.00435 
 2454403.751320 12.93835 0.00426 
 2454403.753522 12.93727 0.00401 
 2454403.755717 12.93652 0.00439 
 2454403.757925 12.93508 0.00422 
 2454403.760128 12.94205 0.00431 
 2454403.762329 12.93596 0.00445 
 2454403.764531 12.93762 0.00404 
 2454403.766732 12.94101 0.00422 
 2454403.768934 12.93835 0.00429 
 2454403.771135 12.94920 0.00412 
 2454403.773338 12.93932 0.00418 
 2454403.775540 12.94025 0.00417 
 2454403.777742 12.94428 0.00421 
 2454403.779943 12.93985 0.00422 
 2454403.782145 12.94170 0.00416 
 2454403.784346 12.93598 0.00419 
 2454404.704835 12.93626 0.00319 
 2454404.732264 12.93749 0.00349 
 2454404.736974 12.93600 0.00405 
 2454404.741682 12.93803 0.00377 
 2454404.746388 12.94851 0.00371 
 2454404.751097 12.94303 0.00349 
 2454404.755806 12.94109 0.00388 
 2454404.760513 12.94278 0.00366 
 2454404.765220 12.93249 0.00385 
 2454404.769927 12.94234 0.00375 
 2454404.774634 12.92924 0.00361 
 2454405.705208 12.93627 0.00371 
 2454405.710761 12.93959 0.00379 
 2454405.716317 12.94433 0.00359 
 2454405.718519 12.94132 0.00369 
 2454405.723226 12.94744 0.00363 
 2454405.727934 12.93739 0.00369 
 2454405.737349 12.93651 0.00361 
 2454405.742056 12.94844 0.00355 
 2454405.746761 12.94968 0.00360 
 2454405.751468 12.93520 0.00362 
 2454405.756176 12.94339 0.00375 
 2454405.760883 12.93869 0.00363 
 2454405.765589 12.94829 0.00353 
 2454405.770298 12.93426 0.00374 
 2454405.775005 12.94488 0.00370 
 2454407.698130 12.94300 0.00337 
 2454407.703680 12.94680 0.00328 
 2454407.709234 12.93382 0.00339 
 2454407.711434 12.94085 0.00331 
 2454407.716142 12.94238 0.00341 
 2454407.720848 12.94412 0.00337 
 2454407.725554 12.93887 0.00335 
 2454407.730261 12.93952 0.00335 
 2454407.734969 12.93575 0.00324 
 2454407.739677 12.93634 0.00330 
 2454407.744385 12.93506 0.00329 
 2454407.749093 12.94416 0.00322 
 2454407.753802 12.93834 0.00325 
 2454407.758508 12.94744 0.00331 
 2454407.763218 12.93788 0.00337 
 2454407.767927 12.94481 0.00325 
 2454407.772637 12.94316 0.00337 
 2454408.684244 12.94608 0.00358 
 2454408.694505 12.93201 0.00364 
 2454408.700058 12.94126 0.00351 
 2454408.705609 12.94175 0.00342 
 2454408.707809 12.94703 0.00337 
 2454408.712516 12.94534 0.00336 
 2454408.717221 12.94092 0.00345 
 2454408.721927 12.93789 0.00336 
 2454408.726636 12.94343 0.00345 
 2454408.731343 12.93106 0.00338 
 2454408.736050 12.94167 0.00339 
 2454408.740756 12.93753 0.00347 
 2454408.745462 12.95309 0.00334 
 2454408.750169 12.94155 0.00346 
 2454408.754877 12.94176 0.00343 
 2454408.759586 12.93902 0.00334 
 2454408.764295 12.94844 0.00336 
 2454408.769002 12.94084 0.00331 
 2454409.673183 12.93118 0.00355 
 2454409.677896 12.93779 0.00363 
 2454409.682605 12.94647 0.00349 
 2454409.687312 12.93480 0.00350 
 2454409.692867 12.93394 0.00338 
 2454409.698425 12.93378 0.00344 
 2454409.703982 12.93582 0.00335 
 2454409.706185 12.94205 0.00349 
 2454409.710893 12.93741 0.00339 
 2454409.715594 12.94096 0.00341 
 2454409.720311 12.92886 0.00343 
 2454409.725019 12.93812 0.00336 
 2454409.729728 12.93674 0.00339 
 2454409.734437 12.94143 0.00338 
 2454409.739146 12.94073 0.00327 
 2454409.743855 12.93939 0.00351 
 2454409.748566 12.94264 0.00320 
 2454409.753276 12.93361 0.00341 
 2454409.757975 12.94069 0.00321 
 2454409.762694 12.93748 0.00344 
 2454409.767404 12.94454 0.00329 
 2454410.678258 12.95172 0.00454 
 2454410.682972 12.93354 0.00347 
 2454410.688525 12.93292 0.00347 
 2454410.694078 12.93560 0.00337 
 2454410.699631 12.93687 0.00340 
 2454410.701833 12.93797 0.00360 
 2454410.706541 12.94275 0.00368 
 2454410.715956 12.93289 0.00378 
 2454410.720666 12.94216 0.00367 
 2454410.725375 12.93384 0.00357 
 2454410.730082 12.94266 0.00317 
 2454410.734792 12.93519 0.00347 
 2454411.667203 12.94109 0.00363 
 2454411.671902 12.94158 0.00360 
 2454411.676621 12.94046 0.00355 
 2454411.681331 12.94631 0.00363 
 2454411.686885 12.93718 0.00344 
 2454411.692440 12.93911 0.00348 
 2454411.697992 12.93286 0.00331 
 2454411.700193 12.94044 0.00345 
 2454411.704900 12.93695 0.00340 
 2454411.709598 12.94659 0.00328 
 2454411.714316 12.93548 0.00333 
 2454411.719024 12.93867 0.00317 
 2454411.723731 12.93733 0.00333 
 2454411.728430 12.94194 0.00330 
 2454411.733147 12.94159 0.00316 
 2454411.737852 12.93497 0.00340 
 2454411.742560 12.94045 0.00307 
 2454411.747260 12.94111 0.00329 
 2454412.710646 12.93542 0.00415 
 2454412.715363 12.94852 0.00331 
 2454412.720071 12.94205 0.00330 
 2454412.724777 12.93295 0.00312 
 2454412.729452 12.94019 0.00325 
 2454412.734193 12.93770 0.00322 
 2454412.738900 12.93905 0.00308 
 2454412.743607 12.93917 0.00296 
 2454412.748306 12.94770 0.00283 
 2454412.753020 12.94171 0.00339 
 2454412.757727 12.94975 0.00286 
 2454413.661925 12.94402 0.00358 
 2454413.666635 12.93655 0.00349 
 2454413.671336 12.94376 0.00353 
 2454413.676049 12.94803 0.00352 
 2454413.681603 12.93329 0.00340 
 2454413.687156 12.94755 0.00345 
 2454413.692712 12.93431 0.00334 
 2454413.694913 12.94429 0.00337 
 2454413.699621 12.93856 0.00340 
 2454413.704331 12.93587 0.00331 
 2454413.709039 12.94287 0.00338 
 2454413.713737 12.94254 0.00326 
 2454413.718455 12.94501 0.00333 
 2454413.723165 12.93542 0.00331 
 2454413.727874 12.94285 0.00317 
 2454413.732573 12.94695 0.00345 
 2454413.737289 12.94717 0.00311 
 2454413.742000 12.94100 0.00333 
 2454413.746708 12.94573 0.00313 
 2454413.751417 12.94033 0.00337 
 2454413.756118 12.94248 0.00328 
 2454414.662995 12.92520 0.00355 
 2454414.667704 12.94701 0.00348 
 2454414.672412 12.94524 0.00338 
 2454414.677967 12.95000 0.00349 
 2454414.683522 12.93670 0.00339 
 2454414.715663 12.93104 0.00350 
 2454414.720373 12.93619 0.00361 
 2454414.725074 12.93810 0.00308 
 2454414.748625 12.93660 0.00336 
 2454414.753334 12.94111 0.00341 
 2454415.670751 12.93778 0.00345 
 2454415.681861 12.95421 0.00331 
 2454415.689617 12.94327 0.00334 
 2454415.694325 12.93493 0.00335 
 2454415.699024 12.95074 0.00378 
 2454415.703742 12.93387 0.00331 
 2454415.708452 12.93886 0.00325 
 2454415.713161 12.94092 0.00320 
 2454415.717867 12.93927 0.00319 
 2454415.722570 12.93916 0.00303 
 2454415.727290 12.93564 0.00323 
 2454415.732000 12.93997 0.00305 
 2454415.736698 12.93724 0.00332 
 2454416.673892 12.94071 0.00350 
 2454416.679252 12.94601 0.00343 
 2454416.684611 12.94213 0.00318 
 2454416.689971 12.93498 0.00339 
 2454416.695330 12.94583 0.00320 
 2454416.697426 12.93811 0.00331 
 2454416.701954 12.93667 0.00279 
 2454416.706464 12.94860 0.00323 
 2454416.710982 12.94095 0.00279 
 2454416.715494 12.93253 0.00323 
 2454416.720008 12.93640 0.00319 
 2454416.724522 12.94069 0.00320 
 2454416.729036 12.94016 0.00313 
 2454416.733550 12.93712 0.00322 
 2454416.738056 12.93990 0.00316 
 2454416.742576 12.94367 0.00317 
 2454416.747083 12.93685 0.00313 
 2454417.653917 12.93781 0.00356 
 2454417.658428 12.93123 0.00361 
 2454417.662942 12.93228 0.00368 
 2454417.667456 12.93702 0.00362 
 2454417.672818 12.93927 0.00356 
 2454417.678171 12.93680 0.00355 
 2454417.680275 12.93377 0.00351 
 2454417.684791 12.95112 0.00358 
 2454417.689306 12.92788 0.00348 
 2454417.693822 12.93989 0.00346 
 2454417.711877 12.94659 0.00345 
 2454417.716389 12.93741 0.00339 
 2454417.720903 12.94504 0.00335 
 2454417.725416 12.94062 0.00340 
 2454417.729928 12.94449 0.00336 
 2454417.734442 12.94379 0.00336 
 2454417.738956 12.93926 0.00328 
 2454417.743469 12.94159 0.00350 
 2454418.647823 12.92810 0.00351 
 2454418.652345 12.94886 0.00347 
 2454418.656854 12.94139 0.00350 
 2454418.661372 12.93538 0.00344 
 2454418.666733 12.94445 0.00332 
 2454418.672093 12.94825 0.00343 
 2454418.677452 12.93271 0.00343 
 2454418.679553 12.94098 0.00333 
 2454418.684066 12.93360 0.00357 
 2454418.688580 12.94236 0.00332 
 2454418.693089 12.93911 0.00333 
 2454418.697608 12.93859 0.00341 
 2454418.702112 12.94277 0.00323 
 2454418.706636 12.93499 0.00334 
 2454418.711150 12.94107 0.00323 
 2454418.715663 12.93992 0.00331 
 2454418.720177 12.94969 0.00335 
 2454418.724689 12.93854 0.00314 
 2454418.729203 12.94278 0.00335 
 2454418.733712 12.93928 0.00338 
 2454418.738230 12.94016 0.00317 
 2454418.742738 12.93981 0.00333 
 2454419.648935 12.93997 0.00351 
 2454419.653452 12.94279 0.00347 
 2454419.657965 12.94040 0.00340 
 2454419.662477 12.93970 0.00347 
 2454419.667836 12.93509 0.00333 
 2454419.673196 12.93700 0.00332 
 2454419.675297 12.93767 0.00331 
 2454419.679812 12.94334 0.00325 
 2454419.684327 12.94024 0.00321 
 2454419.688841 12.93846 0.00329 
 2454419.693355 12.94019 0.00329 
 2454419.697869 12.93351 0.00320 
 2454419.702383 12.93654 0.00324 
 2454419.706897 12.94029 0.00315 
 2454419.711410 12.94382 0.00312 
 2454419.715923 12.94451 0.00314 
 2454419.720436 12.94308 0.00299 
 2454419.724950 12.93782 0.00321 
 2454419.729464 12.94085 0.00301 
 2454419.733977 12.94347 0.00301 
 2454419.738491 12.93962 0.00315 
 2454421.643832 12.93364 0.00396 
 2454421.652857 12.94352 0.00402 
 2454421.662734 12.92968 0.00370 
 2454421.668091 12.92772 0.00365 
 2454421.670194 12.93613 0.00370 
 2454421.674709 12.93970 0.00365 
 2454421.679223 12.93450 0.00362 
 2454421.683738 12.94045 0.00354 
 2454421.688251 12.94206 0.00361 
 2454421.692764 12.93673 0.00358 
 2454421.697278 12.94466 0.00356 
 2454421.701791 12.94379 0.00362 
 2454421.706303 12.93999 0.00357 
 2454421.710817 12.94264 0.00353 
 2454421.715329 12.94079 0.00332 
 2454421.719837 12.94094 0.00366 
 2454421.724356 12.95016 0.00345 
 2454421.728870 12.94163 0.00343 
 2454421.733385 12.93452 0.00358 
 2454422.640614 12.94163 0.00367 
 2454422.642720 12.94742 0.00375 
 2454422.644826 12.93929 0.00391 
 2454422.646932 12.92959 0.00376 
 2454422.649037 12.93378 0.00387 
 2454422.651143 12.94961 0.00350 
 2454422.653247 12.93522 0.00359 
 2454422.655350 12.94042 0.00367 
 2454422.657456 12.94667 0.00380 
 2454422.659564 12.93708 0.00381 
 2454422.661672 12.94457 0.00344 
 2454422.663776 12.93855 0.00370 
 2454422.665883 12.94257 0.00377 
 2454422.667989 12.93678 0.00369 
 2454422.672514 12.94370 0.00367 
 2454422.677028 12.94149 0.00359 
 2454422.681535 12.94269 0.00361 
 2454422.686057 12.93838 0.00367 
 2454422.690563 12.94194 0.00350 
 2454422.695083 12.94783 0.00357 
 2454422.699590 12.94517 0.00348 
 2454422.704111 12.94410 0.00352 
 2454422.708621 12.93852 0.00365 
 2454422.713137 12.93118 0.00338 
 2454422.717648 12.93998 0.00353 
 2454422.722164 12.94410 0.00360 
 2454422.726667 12.94774 0.00345 
 2454422.731189 12.93989 0.00356 
 2454432.586106 12.94513 0.00443 
 2454433.586092 12.93271 0.00374 
 2454433.590673 12.94916 0.00412 
 2454433.595237 12.94860 0.00364 
 2454433.599816 12.94187 0.00371 
 2454433.604394 12.94388 0.00340 
 2454433.608980 12.93648 0.00336 
 2454433.613545 12.94613 0.00390 
 2454433.618113 12.93452 0.00369 
 2454433.622713 12.94324 0.00349 
 2454433.628139 12.93501 0.00363 
 2454433.633561 12.94614 0.00348 
 2454433.638920 12.93549 0.00352 
 2454433.641026 12.94093 0.00340 
 2454433.645542 12.93216 0.00340 
 2454433.650056 12.93839 0.00346 
 2454433.654570 12.94065 0.00342 
 2454433.659085 12.93767 0.00341 
 2454433.663590 12.94579 0.00333 
 2454433.668111 12.93733 0.00339 
 2454437.581435 12.94186 0.00363 
 2454437.585947 12.93781 0.00349 
 2454437.590459 12.94709 0.00353 
 2454437.594973 12.93606 0.00340 
 2454437.599486 12.93155 0.00349 
 2454437.603992 12.93550 0.00348 
 2454437.608512 12.93348 0.00343 
 2454437.618388 12.94161 0.00353 
 2454437.623747 12.94826 0.00340 
 2454437.629105 12.93643 0.00335 
 2454437.631207 12.94290 0.00341 
 2454437.635723 12.93925 0.00336 
 2454437.640235 12.94583 0.00335 
 2454437.644751 12.94301 0.00334 
 2454437.649263 12.94313 0.00331 
 2454437.653775 12.94373 0.00335 
 2454437.658291 12.94366 0.00337 
 2454437.662803 12.94457 0.00322 
 2454437.667317 12.94526 0.00341 
 2454437.671830 12.94124 0.00332 
 2454437.676344 12.94344 0.00343 
 2454437.680857 12.93797 0.00318 
 2454437.685368 12.93892 0.00340 
 2454437.689883 12.94915 0.00334 
 2454438.581519 12.93398 0.00337 
 2454438.586105 12.94503 0.00346 
 2454438.590673 12.93348 0.00344 
 2454438.595258 12.94652 0.00346 
 2454438.599811 12.93776 0.00343 
 2454438.604400 12.94237 0.00331 
 2454438.608958 12.94023 0.00339 
 2454438.614392 12.93305 0.00342 
 2454438.619810 12.94221 0.00342 
 2454438.625221 12.93308 0.00343 
 2454438.627363 12.93833 0.00339 
 2454438.631942 12.93323 0.00334 
 2454438.636487 12.94287 0.00340 
 2454438.641065 12.94550 0.00348 
 2454438.645619 12.94227 0.00344 
 2454438.650203 12.94088 0.00347 
 2454438.654749 12.93871 0.00333 
 2454438.659362 12.94418 0.00326 
 2454438.663941 12.93236 0.00352 
 2454438.668509 12.93970 0.00345 
 2454438.673086 12.94111 0.00354 
 2454438.677615 12.94597 0.00325 
 2454438.682191 12.93929 0.00349 
 2454438.686731 12.94818 0.00346 
 2454439.581532 12.92573 0.00326 
 2454439.586129 12.93381 0.00322 
 2454439.590727 12.94718 0.00333 
 2454439.595322 12.92757 0.00328 
 2454439.599914 12.95252 0.00325 
 2454439.604524 12.93093 0.00337 
 2454439.609959 12.93786 0.00336 
 2454439.615394 12.94692 0.00335 
 2454439.620843 12.93583 0.00339 
 2454439.626310 12.94134 0.00337 
 2454439.628468 12.93788 0.00338 
 2454439.633039 12.94371 0.00325 
 2454439.637612 12.93911 0.00332 
 2454439.642183 12.94054 0.00336 
 2454439.646789 12.93896 0.00318 
 2454439.651394 12.94360 0.00336 
 2454439.655992 12.94363 0.00332 
 2454439.660585 12.94288 0.00317 
 2454439.665174 12.94086 0.00334 
 2454439.669734 12.94333 0.00336 
 2454439.674297 12.93836 0.00317 
 2454439.678874 12.93795 0.00333 
 2454439.683449 12.94656 0.00329 
 2454447.588366 12.94669 0.00350 
 2454447.593799 12.94454 0.00344 
 2454447.599221 12.92829 0.00347 
 2454447.604646 12.93910 0.00350 
 2454447.606786 12.93084 0.00333 
 2454447.611372 12.94230 0.00341 
 2454447.615960 12.94304 0.00350 
 2454447.620541 12.94061 0.00346 
 2454447.625136 12.94174 0.00343 
 2454447.629720 12.94470 0.00338 
 2454447.634276 12.94347 0.00322 
 2454447.638864 12.93716 0.00343 
 2454447.643449 12.94526 0.00342 
 2454447.648031 12.94127 0.00339 
 2454447.652610 12.94616 0.00323 
 2454447.657195 12.93708 0.00335 
 2454447.661774 12.94470 0.00337 
 2454448.588387 12.93582 0.00347 
 2454448.593827 12.94740 0.00352 
 2454448.610618 12.93212 0.00472 
 2454448.615216 12.94363 0.00356 
 2454448.619823 12.94368 0.00347 
 2454448.624424 12.93873 0.00340 
 2454448.629011 12.94129 0.00352 
 2454448.633629 12.93844 0.00350 
 2454448.638254 12.94713 0.00340 
 2454448.642835 12.94215 0.00347 
 2454448.647416 12.94281 0.00340 
 2454448.652013 12.94169 0.00355 
 2454448.656617 12.94879 0.00331 
 2454448.661224 12.94230 0.00345 
 2454449.581712 12.93937 0.00372 
 2454449.583856 12.93981 0.00366 
 2454449.586000 12.93898 0.00359 
 2454449.588151 12.93853 0.00362 
 2454449.590296 12.94090 0.00357 
 2454449.592434 12.94809 0.00342 
 2454449.594576 12.93520 0.00365 
 2454449.596718 12.94535 0.00349 
 2454449.601316 12.93747 0.00353 
 2454449.605899 12.93847 0.00352 
 2454449.610494 12.93288 0.00353 
 2454449.615097 12.94205 0.00349 
 2454449.619685 12.93812 0.00342 
 2454449.624285 12.94152 0.00340 
 2454449.628880 12.94455 0.00348 
 2454449.633510 12.93717 0.00351 
 2454449.638100 12.93819 0.00353 
 2454449.642679 12.93129 0.00343 
 2454449.647253 12.93506 0.00343 
 2454449.651848 12.94344 0.00357 
 2454449.656450 12.94014 0.00351 
 2454450.581692 12.94211 0.00362 
 2454450.583794 12.93505 0.00366 
 2454450.585952 12.94340 0.00372 
 2454450.588094 12.94399 0.00361 
 2454450.590227 12.94519 0.00358 
 2454450.592368 12.93637 0.00362 
 2454450.594501 12.94031 0.00354 
 2454450.599075 12.93905 0.00358 
 2454450.603648 12.94122 0.00367 
 2454450.608211 12.94200 0.00366 
 2454450.612804 12.93795 0.00362 
 2454450.617376 12.94025 0.00353 
 2454450.621961 12.94232 0.00348 
 2454450.626522 12.93437 0.00357 
 2454450.631095 12.94641 0.00357 
 2454450.635682 12.93506 0.00355 
 2454450.640250 12.94771 0.00339 
 2454450.644808 12.94535 0.00356 
 2454450.649356 12.94634 0.00356 
 2454450.653951 12.93349 0.00354 
 2454460.581923 12.94625 0.00353 
 2454460.584027 12.94213 0.00345 
 2454460.588542 12.93891 0.00351 
 2454460.593047 12.93789 0.00355 
 2454460.597569 12.93811 0.00378 
 2454460.602074 12.93874 0.00352 
 2454460.606596 12.94693 0.00401 
 2454460.611103 12.94151 0.00394 
 2454460.615622 12.94733 0.00429 
 2454460.620137 12.93671 0.00422 
 2454460.624650 12.93935 0.00422 
 2454461.582622 12.94043 0.00353 
 2454461.584731 12.93713 0.00356 
 2454461.589241 12.93677 0.00347 
 2454461.593748 12.94006 0.00360 
 2454461.598270 12.94052 0.00347 
 2454461.602777 12.94069 0.00347 
 2454461.607301 12.94215 0.00346 
 2454461.611807 12.94162 0.00353 
 2454461.616329 12.94621 0.00335 
 2454461.620835 12.94268 0.00338 
 2454461.625357 12.94414 0.00349 
 2454462.583317 12.94526 0.00352 
 2454462.585423 12.93606 0.00328 
 2454462.589940 12.94182 0.00374 
 2454462.594456 12.93918 0.00305 
 2454462.598968 12.94640 0.00363 
 2454462.603475 12.93624 0.00367 
 2454462.607996 12.94325 0.00357 
 2454462.612500 12.94814 0.00370 
 2454462.617022 12.94731 0.00363 
 2454462.621535 12.94162 0.00348 
 2454463.583313 12.93408 0.00311 
 2454463.585415 12.93933 0.00362 
 2454463.589930 12.93745 0.00298 
 2454463.594443 12.94266 0.00349 
 2454463.598955 12.93975 0.00336 
 2454463.603467 12.94000 0.00348 
 2454463.607982 12.94017 0.00331 
 2454463.612495 12.94781 0.00348 
 2454463.617008 12.94505 0.00322 
 2454464.586186 12.93736 0.00408 
 2454464.590700 12.94738 0.00365 
 2454464.595213 12.95478 0.00376 
 2454464.599727 12.94108 0.00357 
 2454464.604242 12.94648 0.00335 
 2454464.608754 12.94413 0.00354 
 2454464.613268 12.93275 0.00315 
 2454464.617779 12.94381 0.00363 
 2454465.584018 12.93986 0.00327 
 2454465.586173 12.94323 0.00336 
 2454465.590687 12.94773 0.00321 
 2454465.595201 12.93516 0.00343 
 2454465.599714 12.93974 0.00339 
 2454465.604226 12.94298 0.00325 
 2454465.608740 12.93210 0.00336 
 2454465.613254 12.93617 0.00334 
 2454731.715653 12.94388 0.00383 
 2454731.740473 12.93381 0.00332 
 2454731.752882 12.94138 0.00346 
 2454731.762949 12.94150 0.00348 
 2454731.783089 12.94471 0.00369 
 2454731.803241 12.94286 0.00363 
 2454731.811065 12.95264 0.00357 
 2454731.818883 12.94208 0.00354 
 2454731.829045 12.93356 0.00366 
 2454731.839203 12.94482 0.00361 
 2454731.849361 12.94285 0.00354 
 2454731.859517 12.94061 0.00363 
 2454731.869674 12.94481 0.00348 
 2454732.708650 12.93547 0.00333 
 2454732.723394 12.93719 0.00344 
 2454732.735809 12.93529 0.00331 
 2454732.748218 12.94164 0.00317 
 2454732.760626 12.92966 0.00313 
 2454732.770684 12.93969 0.00313 
 2454732.780751 12.93579 0.00316 
 2454732.790832 12.93928 0.00334 
 2454732.800896 12.94308 0.00308 
 2454732.808721 12.94265 0.00310 
 2454732.816537 12.94032 0.00314 
 2454732.826705 12.93629 0.00328 
 2454732.836865 12.93765 0.00319 
 2454732.847024 12.94602 0.00313 
 2454732.857180 12.94069 0.00323 
 2454732.867338 12.94093 0.00324 
 2454733.721126 12.95140 0.00349 
 2454733.733544 12.94638 0.00362 
 2454733.745963 12.94177 0.00342 
 2454733.758383 12.94877 0.00327 
 2454733.768457 12.94120 0.00330 
 2454733.778547 12.93797 0.00339 
 2454733.788621 12.94006 0.00333 
 2454733.798707 12.93161 0.00313 
 2454733.808785 12.93584 0.00308 
 2454733.818864 12.93677 0.00317 
 2454733.831290 12.94012 0.00311 
 2454733.843712 12.94746 0.00307 
 2454733.856135 12.94143 0.00307 
 2454734.721378 12.93634 0.00351 
 2454734.733787 12.93191 0.00352 
 2454734.746198 12.93764 0.00335 
 2454734.756279 12.93765 0.00338 
 2454734.766362 12.93762 0.00333 
 2454734.776444 12.93932 0.00342 
 2454734.796616 12.93707 0.00331 
 2454734.806708 12.94545 0.00326 
 2454734.816783 12.92587 0.00319 
 2454734.829208 12.94189 0.00324 
 2454734.841632 12.94280 0.00312 
 2454734.854057 12.94003 0.00321 
 2454737.699062 12.93737 0.00329 
 2454737.711499 12.93011 0.00343 
 2454737.723927 12.94583 0.00335 
 2454737.736358 12.94246 0.00323 
 2454737.748795 12.94636 0.00332 
 2454737.758891 12.94225 0.00321 
 2454737.768982 12.94351 0.00329 
 2454737.781424 12.93924 0.00309 
 2454737.791513 12.94657 0.00310 
 2454737.801599 12.94087 0.00303 
 2454737.814033 12.93696 0.00311 
 2454737.826466 12.93838 0.00308 
 2454737.838893 12.94498 0.00309 
 2454737.851317 12.94578 0.00309 
 2454738.693834 12.93013 0.00345 
 2454738.708597 12.92866 0.00344 
 2454738.721003 12.94387 0.00331 
 2454738.733409 12.92920 0.00320 
 2454738.745823 12.94384 0.00335 
 2454738.755897 12.94131 0.00322 
 2454738.765980 12.94064 0.00328 
 2454738.776043 12.93485 0.00324 
 2454738.786120 12.93689 0.00308 
 2454738.796193 12.94257 0.00307 
 2454738.806265 12.93468 0.00311 
 2454738.818682 12.94374 0.00312 
 2454738.831092 12.93844 0.00317 
 2454738.843505 12.93857 0.00306 
 2454739.792276 12.92869 0.00321 
 2454739.802351 12.93745 0.00320 
 2454739.814751 12.94341 0.00313 
 2454739.827176 12.94022 0.00318 
 2454739.839594 12.93429 0.00307 
 2454741.775909 12.94167 0.00332 
 2454741.785992 12.93448 0.00330 
 2454741.796068 12.93412 0.00334 
 2454741.808482 12.94320 0.00333 
 2454741.820895 12.94117 0.00325 
 2454741.833305 12.93547 0.00320 
 2454741.845713 12.94030 0.00321 
 2454742.710481 12.92663 0.00324 
 2454742.722916 12.94302 0.00302 
 2454742.733005 12.93716 0.00305 
 2454742.743101 12.92843 0.00319 
 2454742.753182 12.92859 0.00324 
 2454742.773352 12.94995 0.00303 
 2454742.783443 12.93979 0.00295 
 2454742.793527 12.93476 0.00322 
 2454742.805962 12.93971 0.00332 
 2454742.818397 12.94367 0.00304 
 2454742.830820 12.94564 0.00301 
 2454743.816087 12.94310 0.00311 
 2454743.828501 12.94315 0.00316 
 2454745.677608 12.92461 0.00416 
 2454745.690030 12.94298 0.00395 
 2454745.702453 12.93749 0.00389 
 2454745.714883 12.93771 0.00380 
 2454745.727301 12.94362 0.00357 
 2454745.737382 12.94915 0.00371 
 2454745.747457 12.94219 0.00361 
 2454745.759889 12.93953 0.00353 
 2454745.769974 12.93745 0.00341 
 2454745.780045 12.94273 0.00335 
 2454745.792463 12.94481 0.00337 
 2454745.804884 12.94083 0.00338 
 2454745.817311 12.94173 0.00335 
 2454745.829738 12.94156 0.00335 
 2454746.674829 12.93700 0.00448 
 2454746.687252 12.94382 0.00416 
 2454746.699661 12.93268 0.00388 
 2454746.712056 12.93533 0.00376 
 2454746.724479 12.93652 0.00365 
 2454746.734551 12.93388 0.00378 
 2454746.744627 12.94385 0.00371 
 2454746.764758 12.93625 0.00358 
 2454746.774832 12.94549 0.00344 
 2454746.784912 12.93053 0.00357 
 2454746.797320 12.94521 0.00338 
 2454746.809724 12.93692 0.00333 
 2454746.822139 12.93608 0.00335 
 2454747.671740 12.94697 0.00433 
 2454747.684152 12.93636 0.00431 
 2454747.696571 12.93776 0.00413 
 2454747.708982 12.94753 0.00403 
 2454747.721388 12.95078 0.00399 
 2454747.731459 12.94592 0.00394 
 2454747.741534 12.93310 0.00376 
 2454747.761680 12.94768 0.00358 
 2454747.771751 12.94002 0.00350 
 2454747.781818 12.93519 0.00351 
 2454747.794219 12.93832 0.00340 
 2454747.806631 12.93961 0.00323 
 2454747.819045 12.94475 0.00324 
 2454748.662507 12.93224 0.00444 
 2454748.677210 12.94677 0.00429 
 2454748.689584 12.93484 0.00431 
 2454748.701962 12.94303 0.00429 
 2454748.714347 12.93621 0.00403 
 2454748.724391 12.94290 0.00396 
 2454748.734437 12.94750 0.00384 
 2454748.744478 12.94561 0.00412 
 2454748.756862 12.95187 0.00367 
 2454748.766902 12.94292 0.00374 
 2454748.776945 12.93819 0.00377 
 2454748.789315 12.94009 0.00353 
 2454748.801682 12.93906 0.00354 
 2454748.814060 12.94230 0.00347 
 2454748.826439 12.94239 0.00335 
 2454749.661539 12.93196 0.00483 
 2454749.676312 12.94354 0.00462 
 2454749.688730 12.93991 0.00426 
 2454749.701150 12.93826 0.00427 
 2454749.713566 12.94516 0.00401 
 2454749.723648 12.94231 0.00392 
 2454749.733738 12.94442 0.00393 
 2454749.743820 12.94645 0.00395 
 2454749.756241 12.95432 0.00371 
 2454749.766327 12.94290 0.00372 
 2454749.776399 12.93241 0.00385 
 2454749.788829 12.94092 0.00365 
 2454749.801251 12.94489 0.00357 
 2454749.813675 12.94446 0.00364 
 2454758.639633 12.94213 0.00368 
 2454758.654400 12.93544 0.00371 
 2454759.638578 12.94004 0.00359 
 2454759.653355 12.94253 0.00360 
 2454759.665771 12.93124 0.00359 
 2454759.678174 12.94081 0.00341 
 2454759.688246 12.94843 0.00343 
 2454759.698316 12.94293 0.00344 
 2454759.718460 12.94235 0.00363 
 2454759.728525 12.94538 0.00368 
 2454759.736359 12.94995 0.00368 
 2454759.744181 12.94494 0.00371 
 2454759.754351 12.94138 0.00371 
 2454759.764506 12.93929 0.00380 
 2454759.774678 12.94270 0.00382 
 2454759.784841 12.93904 0.00381 
 2454759.795004 12.94377 0.00386 
 2454760.629436 12.94531 0.00389 
 2454760.644214 12.94318 0.00367 
 2454760.656620 12.93813 0.00378 
 2454760.669029 12.93672 0.00395 
 2454760.701584 12.95168 0.00401 
 2454760.711667 12.94047 0.00280 
 2454760.724088 12.93423 0.00341 
 2454760.756652 12.94466 0.00345 
 2454760.769073 12.94553 0.00348 
 2454760.781492 12.94163 0.00358 
 2454760.793908 12.94322 0.00351 
 2454777.589746 12.93686 0.00428 
 2454777.608853 12.93469 0.00451 
 2454777.618412 12.94030 0.00427 
 2454777.627973 12.94045 0.00418 
 2454777.637534 12.93715 0.00413 
 2454777.644842 12.94093 0.00411 
 2454777.659467 12.94237 0.00418 
 2454777.666784 12.93582 0.00406 
 2454777.676567 12.93581 0.00392 
 2454777.684101 12.93199 0.00393 
 2454777.691640 12.94191 0.00393 
 2454777.699168 12.93826 0.00383 
 2454777.708951 12.93077 0.00386 
 2454777.718721 12.94448 0.00387 
 2454777.728506 12.93413 0.00390 
 2454777.738288 12.93279 0.00388 
 2454777.748073 12.93293 0.00383 
 2454778.580113 12.94513 0.00482 
 2454778.587289 12.94375 0.00503 
 2454778.592233 12.93590 0.00515 
 2454778.597175 12.93864 0.00504 
 2454778.602127 12.95059 0.00518 
 2454778.607067 12.94483 0.00492 
 2454778.612012 12.94522 0.00481 
 2454778.616945 12.94477 0.00482 
 2454778.621879 12.94110 0.00457 
 2454778.626834 12.94471 0.00464 
 2454778.631786 12.94604 0.00456 
 2454778.636735 12.94090 0.00452 
 2454778.641675 12.94120 0.00454 
 2454778.646617 12.94718 0.00443 
 2454778.651543 12.93667 0.00441 
 2454778.656496 12.94216 0.00449 
 2454778.661452 12.94228 0.00440 
 2454778.668640 12.93439 0.00432 
 2454778.673179 12.94966 0.00431 
 2454778.677713 12.95227 0.00430 
 2454778.682250 12.94370 0.00427 
 2454778.686783 12.94426 0.00429 
 2454778.691323 12.93877 0.00424 
 2454778.695861 12.94137 0.00417 
 2454778.700391 12.94498 0.00417 
 2454778.704933 12.93604 0.00421 
 2454778.709478 12.93831 0.00417 
 2454778.714018 12.94398 0.00422 
 2454778.718567 12.94283 0.00417 
 2454778.723098 12.94279 0.00419 
 2454778.727648 12.94890 0.00417 
 2454778.732184 12.94048 0.00412 
 2454778.736716 12.94064 0.00407 
 2454778.743644 12.94355 0.00421 
 2454779.586397 12.93106 0.00585 
 2454779.591347 12.94034 0.00567 
 2454786.570626 12.93798 0.00367 
 2454786.582588 12.94417 0.00348 
 2454786.594538 12.93801 0.00363 
 2454786.606494 12.93012 0.00357 
 2454786.616197 12.95036 0.00378 
 2454786.625909 12.93971 0.00407 
 2454786.635621 12.94266 0.00449 
 2454786.645346 12.93922 0.00486 
 2454786.655048 12.93350 0.00441 
 2454786.670157 12.94360 0.00468 
 2454786.679974 12.93712 0.00458 
 2454786.689777 12.94814 0.00461 
 2454786.699584 12.93854 0.00455 
 2454786.709392 12.94131 0.00457 
 2454786.719184 12.93759 0.00449 
 2454787.569920 12.93655 0.00401 
 2454787.581895 12.93008 0.00374 
 2454787.593852 12.94068 0.00368 
 2454787.605823 12.93311 0.00374 
 2454787.615530 12.93832 0.00361 
 2454787.625238 12.93006 0.00363 
 2454787.634956 12.94045 0.00356 
 2454787.646931 12.94303 0.00340 
 2454787.666363 12.93905 0.00358 
 2454787.678320 12.94094 0.00373 
 2454787.690270 12.93909 0.00380 
 2454787.702225 12.93812 0.00392 
 2454787.714179 12.93722 0.00399 
 2454788.582021 12.94041 0.00367 
 2454788.593986 12.92616 0.00361 
 2454788.605938 12.94659 0.00357 
 2454788.615655 12.94560 0.00346 
 2454788.625369 12.94099 0.00340 
 2454788.635070 12.94272 0.00355 
 2454788.647022 12.94396 0.00333 
 2454788.656743 12.93793 0.00339 
 2454788.666468 12.93813 0.00323 
 2454788.678431 12.94493 0.00325 
 2454788.690385 12.94469 0.00329 
 2454788.702338 12.94245 0.00328 
 2454788.714295 12.94161 0.00336 
 2454789.569654 12.93926 0.00380 
 2454789.581607 12.94044 0.00359 
 2454789.593561 12.93743 0.00345 
 2454789.605522 12.94957 0.00351 
 2454789.615233 12.94053 0.00348 
 2454789.624937 12.94214 0.00348 
 2454789.646616 12.94529 0.00339 
 2454789.656321 12.93389 0.00333 
 2454789.666042 12.94113 0.00322 
 2454789.677998 12.94114 0.00326 
 2454789.689964 12.93182 0.00322 
 2454789.701924 12.94087 0.00319 
 2454789.713889 12.93484 0.00327 
 2454790.566421 12.93738 0.00379 
 2454790.578374 12.94292 0.00339 
 2454790.590332 12.94307 0.00347 
 2454790.602276 12.94062 0.00348 
 2454790.611985 12.94146 0.00334 
 2454790.621684 12.93690 0.00343 
 2454790.631385 12.93868 0.00358 
 2454790.643340 12.94540 0.00343 
 2454790.653039 12.93816 0.00353 
 2454790.662750 12.94094 0.00351 
 2454790.674706 12.94701 0.00353 
 2454790.686660 12.93770 0.00340 
 2454790.698613 12.93691 0.00339 
 2454790.710556 12.93677 0.00333 
 2454791.567033 12.93835 0.00361 
 2454791.578995 12.94345 0.00360 
 2454791.590948 12.94348 0.00361 
 2454791.600651 12.93976 0.00357 
 2454791.610365 12.93804 0.00343 
 2454791.620057 12.94554 0.00332 
 2454791.639488 12.94281 0.00332 
 2454791.649185 12.93914 0.00339 
 2454791.658880 12.94390 0.00327 
 2454791.670833 12.93969 0.00335 
 2454791.682785 12.94181 0.00320 
 2454791.694743 12.93941 0.00334 
 2454791.706701 12.93996 0.00314 
 2454792.577918 12.94226 0.00366 
 2454792.589882 12.93765 0.00439 
 2454792.599604 12.93723 0.00405 
 2454792.609310 12.94554 0.00369 
 2454792.619001 12.95012 0.00330 
 2454792.669821 12.93872 0.00319 
 2454793.631500 12.94000 0.00295 
 2454793.641239 12.92908 0.00390 
 2454794.565551 12.93681 0.00363 
 2454794.577491 12.93896 0.00338 
 2454794.589443 12.93689 0.00371 
 2454794.599172 12.93311 0.00358 
 2454794.608865 12.93974 0.00347 
 2454794.618581 12.93884 0.00371 
 2454794.630538 12.93791 0.00347 
 2454794.640239 12.93549 0.00352 
 2454794.649935 12.94171 0.00341 
 2454794.661895 12.93711 0.00342 
 2454794.673854 12.93844 0.00341 
 2454794.685812 12.93731 0.00332 
 2454794.697772 12.93866 0.00333 
