\INPUT_FILE = /exodata/ETSS-prep/KELT/doN02/raw/KELT_N02_lc_003635_V01_west_tfa.dat
\INPUT_TYPE = "RAW"
\START_DATE = "Fri Oct 27, 07:06:26 2006"               
\STOP_DATE = "Mon Nov 24, 09:34:38 2008"               
\fixlen = T
\NUMRECORDS = 600      
\
\ This file was produced by the NASA Exoplanet Archive  http://exoplanetarchive.ipac.caltech.edu 
\ Thu Feb 25, 17:04:06 2016
\ Documentation for the KELT Survey dataset can be found at http://exoplanetarchive.ipac.caltech.edu/docs/KELT.html
\
|          TIME|     MAG|MAG_ERR|
|          real|    real|   real|
|             d|     mag|    mag|
|          null|    null|   null|
 2454035.796138 14.99616 0.01794 
 2454035.796138 15.00471 0.01794 
 2454035.796138 15.00814 0.01794 
 2454035.801601 15.02516 0.01613 
 2454036.792748 15.02307 0.01797 
 2454036.798212 15.00796 0.01613 
 2454036.803677 15.02855 0.01526 
 2454037.790288 15.00851 0.01660 
 2454037.795751 15.02194 0.01503 
 2454037.801215 15.02498 0.01474 
 2454038.786837 14.99000 0.01645 
 2454038.792301 14.98744 0.01523 
 2454038.797767 15.02206 0.01576 
 2454039.786156 14.98074 0.02010 
 2454040.782391 15.02309 0.02419 
 2454048.758326 14.99724 0.02518 
 2454048.769051 14.99101 0.02189 
 2454048.774412 15.01880 0.02119 
 2454048.779774 14.99417 0.02262 
 2454050.753257 15.00916 0.02136 
 2454050.758623 14.98718 0.01999 
 2454050.763985 14.99862 0.01855 
 2454050.769353 15.00734 0.01910 
 2454052.759974 15.02818 0.01747 
 2454052.765340 14.98990 0.01699 
 2454052.770701 14.99507 0.01688 
 2454053.747612 14.98348 0.01744 
 2454053.758345 14.98809 0.01609 
 2454053.763714 15.01100 0.01564 
 2454053.769083 15.02805 0.01532 
 2454054.744176 14.99415 0.01728 
 2454054.754916 15.01323 0.01491 
 2454054.760287 15.00400 0.01451 
 2454054.765656 15.01608 0.01539 
 2454055.738458 15.00076 0.01690 
 2454055.749196 15.00783 0.01513 
 2454055.754566 14.99135 0.01505 
 2454055.759929 14.99965 0.01542 
 2454055.765298 15.01123 0.01500 
 2454056.739140 14.98412 0.01949 
 2454056.744508 15.00388 0.01545 
 2454056.749872 15.00999 0.01650 
 2454056.755241 15.01972 0.01657 
 2454056.760609 15.02161 0.01601 
 2454057.734189 15.00259 0.01867 
 2454057.744929 15.00983 0.01739 
 2454057.750291 15.01568 0.01682 
 2454057.755659 15.03371 0.01688 
 2454057.761029 14.99321 0.01776 
 2454058.733748 15.01591 0.01690 
 2454058.744484 15.00898 0.01735 
 2454058.749848 15.00983 0.01563 
 2454058.755216 14.99736 0.01695 
 2454059.730258 15.01215 0.01736 
 2454059.735624 15.00956 0.01531 
 2454059.740993 14.98587 0.01621 
 2454059.746355 15.00293 0.01595 
 2454059.751725 14.99821 0.01679 
 2454060.728783 14.96507 0.01742 
 2454060.739524 15.01807 0.01579 
 2454060.744893 15.02185 0.01549 
 2454060.750255 15.02813 0.01491 
 2454061.722118 15.00076 0.01694 
 2454061.727488 15.00757 0.01563 
 2454061.732857 14.98302 0.01574 
 2454061.738226 15.00642 0.01527 
 2454061.743597 14.99965 0.01438 
 2454066.711492 14.97386 0.02005 
 2454077.691249 15.02514 0.02356 
 2454077.696620 14.99191 0.02388 
 2454077.701990 15.02939 0.02275 
 2454079.672519 15.04052 0.01475 
 2454079.677036 15.02690 0.01460 
 2454079.681552 15.01734 0.01479 
 2454079.686077 14.99110 0.01478 
 2454079.690600 14.99515 0.01493 
 2454079.695114 14.99444 0.01491 
 2454079.702584 15.00380 0.01559 
 2454079.707953 15.01518 0.01578 
 2454079.713321 15.02378 0.01469 
 2454079.718682 14.97129 0.01625 
 2454079.724050 15.00628 0.01672 
 2454079.759937 15.01282 0.01538 
 2454080.671458 14.99168 0.01758 
 2454080.682195 14.98568 0.01515 
 2454080.687562 15.01061 0.01564 
 2454080.692929 15.00699 0.01572 
 2454081.673345 14.98911 0.01550 
 2454081.678713 15.02121 0.01656 
 2454081.684082 15.01711 0.01593 
 2454081.689451 15.00577 0.01510 
 2454083.674103 15.01302 0.02114 
 2454083.679473 15.03321 0.01716 
 2454083.684834 15.02231 0.01839 
 2454093.643970 14.95470 0.01679 
 2454093.649544 15.00504 0.01500 
 2454093.655121 14.96158 0.01624 
 2454094.651041 14.96786 0.01714 
 2454107.602977 15.03044 0.01488 
 2454107.608549 14.99694 0.01528 
 2454107.614119 14.98651 0.01465 
 2454108.598930 14.98629 0.01578 
 2454108.604493 15.01800 0.01537 
 2454108.610056 15.01302 0.01425 
 2454362.907062 15.02361 0.01526 
 2454362.912605 14.99598 0.01538 
 2454363.903042 15.00568 0.01414 
 2454363.908597 15.00463 0.01524 
 2454378.861883 15.00202 0.01444 
 2454381.853588 15.01497 0.01518 
 2454381.859134 15.01812 0.01536 
 2454382.851098 15.02862 0.01564 
 2454384.845291 14.98564 0.01558 
 2454384.850843 14.98557 0.01583 
 2454385.843495 15.03031 0.01439 
 2454386.840028 14.99023 0.01552 
 2454386.845578 15.01935 0.01530 
 2454388.832463 14.99689 0.01500 
 2454389.829958 15.00907 0.01607 
 2454391.825905 15.01012 0.01581 
 2454392.820761 14.99634 0.01526 
 2454393.819097 14.98899 0.01482 
 2454395.810092 15.00555 0.02262 
 2454395.815647 15.02491 0.02068 
 2454404.790024 15.03499 0.01881 
 2454405.785689 14.99773 0.01700 
 2454405.791241 15.04151 0.02279 
 2454407.783322 15.00273 0.01566 
 2454408.779689 14.99717 0.01598 
 2454408.785242 14.99648 0.01640 
 2454409.778091 15.03367 0.01546 
 2454412.768413 15.01467 0.01557 
 2454412.773964 15.00453 0.01520 
 2454413.766817 15.01376 0.01495 
 2454414.764021 15.02612 0.01577 
 2454414.769574 14.99513 0.01906 
 2454416.757388 15.03966 0.01360 
 2454416.762754 15.04154 0.01342 
 2454416.768115 15.00433 0.01455 
 2454437.700178 15.02449 0.01413 
 2454438.697134 14.99488 0.01583 
 2454439.693856 14.99584 0.01471 
 2454439.699267 15.02698 0.01440 
 2454447.672188 14.99067 0.01508 
 2454447.677597 15.00439 0.01473 
 2454448.666253 15.01062 0.01479 
 2454448.671703 15.00932 0.01560 
 2454448.677119 14.97727 0.01499 
 2454449.666915 15.01880 0.01462 
 2454450.664386 14.99786 0.01506 
 2454460.640304 15.00636 0.02194 
 2454461.630294 15.01108 0.01575 
 2454461.635650 14.97475 0.01650 
 2454461.641009 15.02445 0.01630 
 2454462.631829 15.00273 0.01586 
 2454462.637189 14.97398 0.01613 
 2454463.627305 15.01414 0.01474 
 2454463.632664 15.00624 0.01473 
 2454464.622717 15.03540 0.01525 
 2454464.628076 14.99010 0.01563 
 2454464.633437 14.99087 0.01494 
 2454465.623549 14.98867 0.01516 
 2454465.628908 15.01485 0.01512 
 2454731.906846 15.00807 0.01832 
 2454731.913903 14.99391 0.01758 
 2454731.920953 15.01174 0.01560 
 2454731.928018 14.99683 0.01580 
 2454731.935075 14.98832 0.01720 
 2454731.942128 15.00078 0.01769 
 2454731.949184 14.99829 0.01727 
 2454731.956232 15.00924 0.01764 
 2454731.960957 14.99638 0.01867 
 2454731.965660 15.01336 0.01915 
 2454731.970378 15.00785 0.01949 
 2454731.991444 15.00318 0.01779 
 2454731.993643 15.01335 0.01828 
 2454731.995831 15.01154 0.01817 
 2454731.998037 14.99700 0.01732 
 2454732.000225 14.97048 0.01790 
 2454732.002434 14.99561 0.01873 
 2454732.004629 14.99337 0.01882 
 2454732.006828 15.04033 0.01991 
 2454732.009028 14.97267 0.02221 
 2454732.011219 14.99386 0.02531 
 2454732.013426 15.00416 0.03031 
 2454732.911568 15.00541 0.01565 
 2454732.918624 14.99491 0.01426 
 2454732.925683 15.01160 0.01482 
 2454732.932736 15.00832 0.01602 
 2454732.939785 15.00968 0.01629 
 2454732.946843 15.01367 0.01561 
 2454732.953893 15.01107 0.01638 
 2454732.958605 14.99030 0.01697 
 2454732.963321 15.02100 0.01762 
 2454732.968038 15.01466 0.01760 
 2454732.989102 15.00705 0.01593 
 2454732.991292 15.01950 0.01577 
 2454732.993501 15.01561 0.01580 
 2454732.995701 15.00307 0.01641 
 2454732.997901 15.01142 0.01660 
 2454733.000096 14.98049 0.01694 
 2454733.002288 15.01507 0.01660 
 2454733.004495 14.99002 0.01704 
 2454733.006681 14.98860 0.01807 
 2454733.008892 15.00584 0.01984 
 2454733.011090 14.99269 0.02252 
 2454733.013279 15.01908 0.02697 
 2454733.901125 14.99702 0.01442 
 2454733.911292 15.00088 0.01543 
 2454733.921461 14.98697 0.01457 
 2454733.975612 15.00843 0.01422 
 2454733.987543 15.01841 0.01401 
 2454733.992276 15.02345 0.01533 
 2454733.997003 15.01641 0.01532 
 2454734.001726 15.03116 0.01540 
 2454734.006453 14.99481 0.01713 
 2454734.011183 14.97943 0.02147 
 2454734.905837 14.97908 0.01504 
 2454734.918267 14.98958 0.01579 
 2454734.930691 14.98727 0.01597 
 2454734.943120 15.01223 0.01604 
 2454734.960785 15.01418 0.01501 
 2454734.976174 14.99901 0.01442 
 2454735.007888 15.01785 0.01890 
 2454737.895504 15.00413 0.01460 
 2454737.907936 14.98463 0.01418 
 2454737.920366 15.00709 0.01493 
 2454737.932813 15.00810 0.01425 
 2454737.945293 15.02167 0.01418 
 2454737.975308 15.01355 0.01420 
 2454737.985491 15.01272 0.01537 
 2454737.995667 14.99758 0.01495 
 2454738.005848 15.01929 0.01513 
 2454738.016019 15.00731 0.03063 
 2454738.895219 14.99460 0.01404 
 2454738.907643 15.00358 0.01351 
 2454738.920061 14.99528 0.01466 
 2454738.932473 15.01210 0.01370 
 2454738.972448 15.01787 0.01260 
 2454738.982609 15.01625 0.01448 
 2454738.992772 14.99801 0.01338 
 2454739.002951 15.00832 0.01398 
 2454739.015405 15.01837 0.02622 
 2454739.891311 15.00531 0.01455 
 2454739.903730 15.01125 0.01385 
 2454739.916144 14.99405 0.01267 
 2454739.928556 15.00075 0.01442 
 2454739.941012 15.00916 0.01419 
 2454739.991322 14.99499 0.01400 
 2454740.001486 15.03297 0.01363 
 2454741.887485 14.98774 0.01570 
 2454741.899906 15.00100 0.01535 
 2454741.912318 15.02220 0.01571 
 2454741.924734 15.01432 0.01633 
 2454741.934719 14.98792 0.01569 
 2454741.964697 15.01653 0.01535 
 2454741.974875 15.02012 0.01659 
 2454741.985039 14.98108 0.01485 
 2454741.995205 15.00629 0.01380 
 2454742.007665 15.02197 0.01550 
 2454742.897478 15.00644 0.01475 
 2454742.909906 15.00183 0.01439 
 2454742.922331 14.98098 0.01342 
 2454742.972515 15.01246 0.01493 
 2454742.982695 14.99802 0.01362 
 2454742.992869 14.99146 0.01344 
 2454743.005360 15.01590 0.01374 
 2454743.015363 15.03690 0.01961 
 2454743.880195 15.01239 0.01895 
 2454743.892611 15.00716 0.01475 
 2454743.905025 14.99682 0.01290 
 2454743.929876 15.00810 0.01523 
 2454743.980153 15.02336 0.01579 
 2454743.990306 15.00724 0.01520 
 2454744.002750 15.00870 0.01324 
 2454744.012736 15.01961 0.01572 
 2454745.873877 15.00495 0.01373 
 2454745.886296 15.00313 0.01346 
 2454745.898707 15.00644 0.01479 
 2454745.911117 15.01566 0.01505 
 2454745.923577 15.00998 0.01452 
 2454745.973874 14.99466 0.01697 
 2454745.984047 15.01080 0.01691 
 2454745.996517 15.01751 0.01641 
 2454746.006531 14.99489 0.01523 
 2454746.016512 15.01214 0.02286 
 2454746.873787 15.01690 0.01617 
 2454746.886196 15.01925 0.01521 
 2454746.898609 15.00822 0.01519 
 2454746.911015 15.00907 0.01600 
 2454746.961114 15.02300 0.01683 
 2454746.971263 14.99202 0.01645 
 2454746.981423 15.01024 0.01868 
 2454746.993882 15.03320 0.01770 
 2454747.003869 15.00851 0.01640 
 2454747.013857 14.99706 0.01979 
 2454747.870728 14.99615 0.01583 
 2454747.883144 15.01347 0.01522 
 2454747.895556 15.02368 0.01604 
 2454747.907964 15.02001 0.01516 
 2454747.917946 15.00947 0.01546 
 2454747.968236 15.00058 0.01582 
 2454747.978394 14.99995 0.01727 
 2454747.990849 14.98688 0.01768 
 2454748.000857 14.98507 0.01730 
 2454748.010841 14.99475 0.01862 
 2454748.868068 14.99105 0.01408 
 2454748.880441 15.01390 0.01420 
 2454748.892818 15.00574 0.01539 
 2454748.905191 15.00263 0.01519 
 2454748.915150 15.02243 0.01542 
 2454748.935061 15.00122 0.01666 
 2454748.965290 15.00523 0.01526 
 2454748.975422 15.01338 0.01616 
 2454748.987838 15.00918 0.01614 
 2454748.997800 14.99200 0.01593 
 2454749.007759 15.00207 0.01509 
 2454749.017711 15.00363 0.02133 
 2454749.865403 15.00795 0.01691 
 2454749.877826 15.01919 0.01519 
 2454749.890245 15.01131 0.01644 
 2454749.902658 15.00354 0.01505 
 2454749.942627 15.01680 0.01619 
 2454749.952799 15.01443 0.01599 
 2454749.962973 15.00320 0.01499 
 2454749.973141 15.01100 0.01651 
 2454749.985609 14.99767 0.01628 
 2454749.995604 14.99592 0.02388 
 2454750.005593 14.98546 0.03300 
 2454750.015579 14.97187 0.01952 
 2454758.836382 15.00084 0.02570 
 2454758.843551 14.99212 0.02486 
 2454758.850719 15.00451 0.02274 
 2454758.857884 15.00388 0.02435 
 2454758.865044 14.98532 0.02460 
 2454758.872204 15.01340 0.02438 
 2454758.879351 15.01034 0.02524 
 2454758.886418 14.99841 0.02467 
 2454758.891146 14.98739 0.02434 
 2454758.900600 15.01307 0.02428 
 2454758.921705 14.98816 0.01983 
 2454758.923912 15.01689 0.02060 
 2454758.926115 15.00685 0.02227 
 2454758.928322 15.03225 0.02323 
 2454758.930522 15.01719 0.02417 
 2454758.932724 14.98483 0.02478 
 2454758.934932 15.01047 0.02475 
 2454758.937137 14.97848 0.02427 
 2454758.939342 14.99645 0.02352 
 2454758.941543 14.99497 0.02323 
 2454758.943748 14.98566 0.02267 
 2454758.945947 15.00363 0.02234 
 2454758.948150 15.02236 0.02192 
 2454758.950352 15.00027 0.02131 
 2454758.952555 14.99573 0.02055 
 2454758.954760 15.02089 0.02120 
 2454758.959855 15.01701 0.02482 
 2454759.832185 15.02543 0.02064 
 2454759.839255 15.00583 0.01661 
 2454759.846312 15.01270 0.01618 
 2454759.853369 15.01454 0.01835 
 2454759.860426 14.97576 0.01939 
 2454759.867484 15.02527 0.01882 
 2454759.874542 15.00318 0.01803 
 2454759.881601 15.00039 0.01721 
 2454759.886312 15.02261 0.01821 
 2454759.891041 15.00511 0.01758 
 2454759.916829 15.00472 0.01968 
 2454759.919023 14.98567 0.02000 
 2454759.921230 14.99737 0.01993 
 2454759.923419 15.01732 0.01988 
 2454759.925629 15.01070 0.01967 
 2454759.927830 15.00978 0.01916 
 2454759.930021 15.00275 0.01884 
 2454759.932232 15.01479 0.01931 
 2454759.934423 15.00435 0.02042 
 2454759.936633 15.00831 0.02021 
 2454759.938835 15.00302 0.02002 
 2454759.941028 15.00733 0.02005 
 2454759.943238 15.02189 0.02061 
 2454759.945426 14.99509 0.02080 
 2454759.947637 15.01072 0.02095 
 2454759.949841 15.01100 0.02164 
 2454759.952034 15.02839 0.02150 
 2454759.954240 14.98684 0.02115 
 2454759.956432 15.02152 0.02057 
 2454759.958643 14.99722 0.02057 
 2454759.960845 15.01116 0.02005 
 2454759.963038 15.00904 0.02000 
 2454759.965246 14.98756 0.01968 
 2454759.967438 15.00908 0.02010 
 2454759.969649 14.98872 0.01978 
 2454759.971850 15.02093 0.01942 
 2454759.974047 15.00226 0.01948 
 2454759.976255 15.00812 0.01918 
 2454759.978445 15.03535 0.01983 
 2454759.980655 15.02253 0.02148 
 2454759.982856 14.99332 0.02291 
 2454760.828970 14.99958 0.01629 
 2454760.839132 14.98814 0.02041 
 2454760.849290 15.01088 0.01880 
 2454760.859454 14.99692 0.01846 
 2454760.869619 15.00819 0.01935 
 2454760.879783 15.00973 0.01924 
 2454760.912836 15.01751 0.01858 
 2454760.917559 15.00488 0.01761 
 2454760.922284 15.01913 0.01639 
 2454760.927010 14.98749 0.01731 
 2454760.931731 15.00235 0.01978 
 2454760.936452 15.00414 0.01926 
 2454760.941168 14.99608 0.01820 
 2454760.945885 15.00331 0.01654 
 2454760.950601 15.00264 0.01812 
 2454777.788205 14.97997 0.01811 
 2454777.800129 15.02079 0.01615 
 2454777.812060 14.99479 0.01699 
 2454777.823994 15.00886 0.01639 
 2454777.845588 15.01729 0.01724 
 2454777.894135 15.01819 0.01698 
 2454777.903926 15.02803 0.01775 
 2454777.915896 15.00423 0.01755 
 2454777.935102 15.01747 0.01584 
 2454777.944695 15.00827 0.01733 
 2454778.778065 15.01743 0.02223 
 2454778.785702 14.99120 0.02244 
 2454778.793361 15.01822 0.02513 
 2454778.808645 15.02816 0.02127 
 2454778.826093 15.01139 0.02271 
 2454778.840931 15.03051 0.02156 
 2454778.848354 14.99133 0.02104 
 2454778.863188 14.99496 0.02176 
 2454779.776836 15.03096 0.02263 
 2454786.759329 15.01189 0.02603 
 2454786.766112 14.99548 0.02201 
 2454786.772896 14.99467 0.02105 
 2454786.779694 14.98882 0.02183 
 2454786.786478 15.02376 0.02250 
 2454786.793271 14.99264 0.02284 
 2454786.800061 15.02116 0.02319 
 2454786.806870 15.00123 0.02458 
 2454786.811415 15.01058 0.02605 
 2454786.815957 15.01720 0.02699 
 2454786.820506 15.01173 0.02701 
 2454786.825049 15.02308 0.02664 
 2454786.829579 15.04174 0.02590 
 2454786.834127 14.98060 0.02616 
 2454786.838672 15.02420 0.02813 
 2454786.843210 15.00842 0.02535 
 2454786.845312 15.02614 0.02438 
 2454786.847428 15.00688 0.02436 
 2454786.849541 14.96426 0.02413 
 2454786.851651 15.00481 0.02363 
 2454786.853764 15.00093 0.02530 
 2454786.855874 15.01082 0.02554 
 2454786.857990 15.01911 0.02572 
 2454786.860099 15.00715 0.02593 
 2454786.862208 15.01860 0.02632 
 2454786.864316 14.99473 0.02594 
 2454786.866432 15.03462 0.02569 
 2454786.868542 15.00332 0.02582 
 2454786.870655 15.00996 0.02567 
 2454786.872766 15.00363 0.02578 
 2454786.874879 15.01426 0.02573 
 2454786.876989 15.00356 0.02556 
 2454786.879104 14.99432 0.02563 
 2454786.881219 15.02437 0.02591 
 2454786.883335 15.00280 0.02675 
 2454786.885442 14.99843 0.02638 
 2454786.887552 15.00599 0.02713 
 2454786.889662 15.00562 0.02702 
 2454786.891777 15.01291 0.02751 
 2454786.893885 15.00382 0.02750 
 2454786.895990 15.00874 0.02717 
 2454786.898099 15.01122 0.02782 
 2454786.900212 15.02246 0.02791 
 2454786.902326 15.03562 0.02756 
 2454786.904441 15.00874 0.02701 
 2454786.906551 15.03030 0.02675 
 2454786.908661 15.02297 0.02687 
 2454786.910772 15.01049 0.02649 
 2454786.912882 14.99722 0.02651 
 2454786.917097 14.96555 0.02773 
 2454786.919207 14.98817 0.02711 
 2454787.755338 14.98464 0.01748 
 2454787.765136 15.01918 0.02245 
 2454787.774938 14.98996 0.01927 
 2454787.784756 14.99713 0.02025 
 2454787.804375 15.01931 0.02052 
 2454787.808917 15.00747 0.02078 
 2454787.813453 15.01974 0.01942 
 2454787.817993 15.03350 0.02171 
 2454787.822534 14.99046 0.02281 
 2454787.831623 15.01061 0.02266 
 2454787.843094 15.01328 0.01999 
 2454787.847629 14.99737 0.01903 
 2454787.852169 15.01283 0.01995 
 2454787.856716 15.00119 0.02134 
 2454787.861253 15.00392 0.02123 
 2454787.865793 15.02337 0.02086 
 2454787.870330 15.00292 0.02028 
 2454787.874870 15.02171 0.01964 
 2454787.879407 14.99188 0.02164 
 2454787.883956 15.00558 0.02187 
 2454787.888496 15.00707 0.02208 
 2454787.893043 15.01735 0.02177 
 2454787.897576 15.00788 0.02161 
 2454787.902121 15.01517 0.02168 
 2454787.906661 15.01215 0.02253 
 2454787.911205 14.98740 0.02325 
 2454787.915743 15.02532 0.02424 
 2454788.755449 15.00069 0.01768 
 2454788.765250 15.01081 0.01808 
 2454788.775055 14.99597 0.01795 
 2454788.794654 14.99872 0.01779 
 2454788.808996 14.99819 0.01976 
 2454788.813538 15.01925 0.02036 
 2454788.818070 15.01745 0.01934 
 2454788.822608 15.04299 0.02013 
 2454788.827150 15.00290 0.02049 
 2454788.836222 15.01841 0.01863 
 2454788.840762 14.99860 0.01817 
 2454788.845304 15.02118 0.01773 
 2454788.849853 14.97686 0.01837 
 2454788.854385 15.00646 0.01997 
 2454788.858931 15.01862 0.01982 
 2454788.863468 14.98518 0.01936 
 2454788.868010 15.01669 0.01853 
 2454788.872553 14.99961 0.01832 
 2454788.877099 14.99887 0.01808 
 2454788.881637 15.00117 0.01939 
 2454788.886181 15.01788 0.01968 
 2454788.890723 14.99332 0.01967 
 2454788.895264 15.02840 0.01939 
 2454788.899818 15.00401 0.01949 
 2454788.904360 15.00891 0.01981 
 2454788.908895 14.99963 0.01957 
 2454788.913430 14.99301 0.01977 
 2454789.754110 14.99774 0.01372 
 2454789.766079 15.02159 0.01525 
 2454789.778041 15.00625 0.01639 
 2454789.789988 15.00126 0.01616 
 2454789.801956 15.01997 0.01638 
 2454789.809373 15.02906 0.01711 
 2454789.831644 15.00349 0.01924 
 2454789.846950 15.01830 0.01859 
 2454789.854585 14.98493 0.01865 
 2454789.862234 15.02280 0.02054 
 2454789.869881 15.05091 0.01904 
 2454789.877527 14.96883 0.01937 
 2454789.882064 15.03264 0.01900 
 2454789.886602 14.99197 0.01850 
 2454789.891142 15.00045 0.01830 
 2454789.895680 14.99542 0.01915 
 2454789.900219 15.00551 0.01932 
 2454789.904765 15.00852 0.01940 
 2454789.911685 15.00976 0.01894 
 2454790.750743 14.99386 0.01460 
 2454790.762704 15.01273 0.01727 
 2454790.798579 15.00866 0.01741 
 2454790.835882 15.02734 0.01641 
 2454790.858813 15.00576 0.01873 
 2454790.866473 15.00709 0.01788 
 2454790.874105 14.99825 0.01724 
 2454790.878635 15.00786 0.01712 
 2454790.883177 15.03070 0.01645 
 2454790.887715 15.01535 0.01586 
 2454790.892253 15.01711 0.01613 
 2454790.896789 15.01700 0.01820 
 2454790.901313 15.02275 0.01715 
 2454790.908235 15.01532 0.01715 
 2454791.749116 15.01390 0.01474 
 2454791.761086 15.00466 0.01493 
 2454791.773037 15.01563 0.01515 
 2454791.784978 15.00949 0.01537 
 2454791.828055 15.00236 0.01734 
 2454791.847657 15.00281 0.01581 
 2454791.874688 15.00854 0.01715 
 2454791.882096 15.01812 0.01816 
 2454791.889512 14.98700 0.02131 
 2454791.896929 15.00922 0.01844 
 2454791.904346 14.99518 0.01826 
 2454792.757885 14.99942 0.01674 
 2454792.769829 15.02814 0.01291 
 2454792.781785 15.01156 0.01500 
 2454792.875863 14.99533 0.02033 
 2454792.885475 15.00691 0.01872 
 2454792.904719 15.02123 0.01480 
 2454793.777071 14.98872 0.01502 
 2454794.740211 15.00816 0.01407 
 2454794.752176 15.01254 0.01603 
 2454794.764138 15.01429 0.01590 
 2454794.776090 15.00105 0.01517 
 2454794.790295 15.01116 0.01420 
 2454794.809543 15.03980 0.01673 
 2454794.828960 15.01155 0.01522 
 2454794.838759 14.99677 0.01524 
 2454794.860584 15.00796 0.01905 
 2454794.870191 15.00862 0.01461 
 2454794.889436 14.99219 0.01642 
 2454794.899059 15.01890 0.01468 
