\INPUT_FILE = /exodata/ETSS-prep/KELT/doN02/raw/KELT_N02_lc_000028_V01_east_tfa.dat
\INPUT_TYPE = "RAW"
\START_DATE = "Thu Oct 26, 04:44:09 2006"               
\STOP_DATE = "Mon Nov 24, 04:44:47 2008"               
\fixlen = T
\NUMRECORDS = 1784     
\
\ This file was produced by the NASA Exoplanet Archive  http://exoplanetarchive.ipac.caltech.edu 
\ Thu Feb 25, 17:03:36 2016
\ Documentation for the KELT Survey dataset can be found at http://exoplanetarchive.ipac.caltech.edu/docs/KELT.html
\
|          TIME|     MAG|MAG_ERR|
|          real|    real|   real|
|             d|     mag|    mag|
|          null|    null|   null|
 2454034.697330 14.48793 0.01404 
 2454034.701953 14.47316 0.01245 
 2454034.706575 14.47081 0.01422 
 2454034.711195 14.47895 0.01265 
 2454034.715816 14.48450 0.01225 
 2454034.721280 14.48767 0.01312 
 2454034.726743 14.48940 0.01138 
 2454034.728931 14.49324 0.01157 
 2454034.733552 14.47299 0.01171 
 2454034.738171 14.48454 0.01160 
 2454034.742791 14.47644 0.01154 
 2454034.747412 14.50072 0.01298 
 2454034.752032 14.48183 0.01085 
 2454034.756652 14.47367 0.01535 
 2454034.761271 14.47883 0.01111 
 2454034.765892 14.49696 0.01172 
 2454034.770512 14.48264 0.01116 
 2454034.775132 14.48657 0.01137 
 2454034.788988 14.46817 0.01203 
 2454034.793608 14.49322 0.01081 
 2454035.691028 14.48616 0.01291 
 2454035.695648 14.48846 0.01326 
 2454035.700270 14.47462 0.01286 
 2454035.704890 14.48062 0.01294 
 2454035.709512 14.49792 0.01279 
 2454035.714132 14.48951 0.01248 
 2454035.719593 14.47629 0.01230 
 2454035.721781 14.45901 0.01195 
 2454035.726402 14.47915 0.01210 
 2454035.731024 14.49528 0.01195 
 2454035.735647 14.48688 0.01195 
 2454035.740269 14.50271 0.01170 
 2454035.744889 14.48872 0.01161 
 2454035.749509 14.49107 0.01125 
 2454035.754130 14.48600 0.01164 
 2454035.758752 14.48401 0.01124 
 2454035.763372 14.46905 0.01149 
 2454035.767992 14.47822 0.01130 
 2454035.772612 14.49316 0.01133 
 2454035.777233 14.48303 0.01130 
 2454035.781854 14.48312 0.01118 
 2454035.786476 14.49196 0.01113 
 2454035.791096 14.49373 0.01097 
 2454036.691428 14.50105 0.01365 
 2454036.696047 14.48568 0.01264 
 2454036.700668 14.50806 0.01244 
 2454036.705288 14.48086 0.01316 
 2454036.709908 14.47370 0.01219 
 2454036.715372 14.47029 0.01228 
 2454036.720834 14.48561 0.01249 
 2454036.723022 14.47740 0.01243 
 2454036.727641 14.50106 0.01195 
 2454036.732260 14.50098 0.01238 
 2454036.736880 14.50049 0.01204 
 2454036.741499 14.46115 0.01182 
 2454036.746121 14.49064 0.01177 
 2454036.750741 14.48955 0.01131 
 2454036.755361 14.49147 0.01278 
 2454036.759981 14.47854 0.01193 
 2454036.764603 14.47528 0.01182 
 2454036.769224 14.47178 0.01195 
 2454036.773844 14.49341 0.01154 
 2454036.778464 14.48989 0.01280 
 2454036.783085 14.49459 0.01178 
 2454036.787706 14.47508 0.01157 
 2454037.685167 14.48011 0.01227 
 2454037.689788 14.47157 0.01231 
 2454037.694408 14.46996 0.01150 
 2454037.703650 14.48105 0.01043 
 2454037.708272 14.47067 0.01159 
 2454037.713737 14.49251 0.01171 
 2454037.715925 14.49580 0.01138 
 2454037.720546 14.50873 0.01133 
 2454037.725167 14.48694 0.01126 
 2454037.729789 14.47893 0.01110 
 2454037.734411 14.47738 0.01066 
 2454037.739033 14.47550 0.01056 
 2454037.743653 14.50247 0.01033 
 2454037.748274 14.48278 0.01064 
 2454037.752895 14.47588 0.01043 
 2454037.757517 14.48376 0.01039 
 2454037.762139 14.48946 0.01019 
 2454037.766760 14.49253 0.01010 
 2454037.771381 14.47527 0.01008 
 2454037.776002 14.49309 0.01023 
 2454037.780624 14.49686 0.01005 
 2454037.785245 14.48493 0.01018 
 2454038.735588 14.50265 0.01111 
 2454038.740209 14.48689 0.01146 
 2454038.758691 14.49236 0.01062 
 2454038.767932 14.47402 0.00686 
 2454038.772554 14.46725 0.01041 
 2454038.777175 14.46726 0.00940 
 2454038.781796 14.48343 0.00784 
 2454039.676434 14.47215 0.01507 
 2454039.681054 14.47938 0.01503 
 2454039.685675 14.47456 0.01491 
 2454039.690296 14.49584 0.01486 
 2454039.694917 14.49960 0.01482 
 2454039.699538 14.46555 0.01461 
 2454039.705000 14.49460 0.01415 
 2454039.707189 14.49037 0.01438 
 2454039.711809 14.47603 0.01436 
 2454039.716430 14.48304 0.01482 
 2454039.721049 14.49856 0.01484 
 2454039.725669 14.50015 0.01450 
 2454039.730289 14.50685 0.01346 
 2454039.734910 14.47934 0.01346 
 2454039.739530 14.48275 0.01385 
 2454039.744150 14.49372 0.01395 
 2454039.748771 14.50647 0.01417 
 2454039.753393 14.48214 0.01382 
 2454039.758013 14.47281 0.01399 
 2454039.762634 14.47032 0.01392 
 2454039.767256 14.48983 0.01367 
 2454039.771875 14.49020 0.01307 
 2454039.776495 14.50236 0.01349 
 2454039.781115 14.49416 0.01430 
 2454040.685923 14.49480 0.01678 
 2454040.688110 14.47603 0.01664 
 2454040.690298 14.48894 0.01640 
 2454040.692486 14.47829 0.01623 
 2454040.694674 14.48387 0.01633 
 2454040.696862 14.49429 0.01624 
 2454040.699049 14.48645 0.01607 
 2454040.701237 14.47307 0.01603 
 2454040.703425 14.49007 0.01596 
 2454040.708045 14.47224 0.01597 
 2454040.712666 14.48176 0.01571 
 2454040.717287 14.50873 0.01553 
 2454040.721906 14.50371 0.01530 
 2454040.726526 14.48388 0.01508 
 2454040.731146 14.47101 0.01510 
 2454040.735765 14.46044 0.01494 
 2454040.740386 14.48502 0.01521 
 2454040.745006 14.49846 0.01519 
 2454040.749625 14.47154 0.01494 
 2454040.754245 14.48405 0.01471 
 2454040.758865 14.48235 0.01468 
 2454040.763485 14.47755 0.01465 
 2454040.768107 14.47315 0.01468 
 2454040.772728 14.48355 0.01465 
 2454040.777349 14.46739 0.01463 
 2454048.666500 14.50839 0.01581 
 2454048.671019 14.48490 0.01559 
 2454048.675540 14.48971 0.01611 
 2454048.680900 14.48497 0.01591 
 2454048.686262 14.48728 0.01658 
 2454048.691624 14.46980 0.01586 
 2454048.696984 14.46990 0.01555 
 2454048.699084 14.48005 0.01612 
 2454048.703605 14.49274 0.01559 
 2454048.708124 14.47820 0.01560 
 2454048.712704 14.50615 0.01529 
 2454048.717223 14.50012 0.01605 
 2454048.721743 14.47637 0.01537 
 2454048.726267 14.51047 0.01531 
 2454048.730787 14.48257 0.01574 
 2454048.735304 14.48894 0.01515 
 2454048.739824 14.48558 0.01525 
 2454048.744344 14.48693 0.01496 
 2454048.748864 14.48762 0.01543 
 2454048.753384 14.49409 0.01500 
 2454050.661443 14.48307 0.01275 
 2454050.665961 14.48170 0.01232 
 2454050.670486 14.48663 0.01241 
 2454050.675859 14.50252 0.01231 
 2454050.681227 14.47612 0.01255 
 2454050.686590 14.49498 0.01187 
 2454050.691959 14.49674 0.01196 
 2454050.694063 14.49001 0.01186 
 2454050.698585 14.48256 0.01165 
 2454050.703103 14.47575 0.01181 
 2454050.707628 14.49235 0.01163 
 2454050.712143 14.47923 0.01151 
 2454050.721189 14.49682 0.01179 
 2454050.725707 14.47508 0.01188 
 2454050.730228 14.51386 0.01212 
 2454050.734754 14.52471 0.01207 
 2454050.739272 14.47576 0.01241 
 2454050.743796 14.47665 0.01244 
 2454050.748318 14.51064 0.01256 
 2454052.657430 14.50610 0.01267 
 2454052.661956 14.48888 0.01218 
 2454052.666475 14.47458 0.01232 
 2454052.671844 14.48395 0.01155 
 2454052.677207 14.48448 0.01282 
 2454052.682575 14.48592 0.01195 
 2454052.687946 14.47763 0.01170 
 2454052.690052 14.49045 0.01163 
 2454052.694574 14.49155 0.01205 
 2454052.699097 14.48077 0.01212 
 2454052.703616 14.47439 0.01179 
 2454052.708139 14.48483 0.01195 
 2454052.712656 14.49523 0.01180 
 2454052.717178 14.49440 0.01210 
 2454052.721694 14.48250 0.01193 
 2454052.730734 14.48566 0.01245 
 2454052.735259 14.48175 0.01215 
 2454052.739783 14.46350 0.01229 
 2454052.744299 14.47928 0.01263 
 2454053.651245 14.46295 0.01207 
 2454053.655770 14.48807 0.01188 
 2454053.660295 14.50328 0.01243 
 2454053.664818 14.49511 0.01175 
 2454053.670182 14.47520 0.01189 
 2454053.675551 14.48863 0.01148 
 2454053.680921 14.46721 0.01176 
 2454053.686292 14.47949 0.01159 
 2454053.688397 14.47625 0.01149 
 2454053.692922 14.48785 0.01180 
 2454053.697438 14.47837 0.01121 
 2454053.706490 14.50333 0.01089 
 2454053.711014 14.47210 0.01113 
 2454053.715536 14.48064 0.01057 
 2454053.720054 14.48213 0.01070 
 2454053.724578 14.48632 0.01065 
 2454053.729100 14.49362 0.01069 
 2454053.733619 14.48980 0.01072 
 2454053.738144 14.48558 0.01090 
 2454053.742669 14.48876 0.01091 
 2454054.652340 14.47541 0.01128 
 2454054.656858 14.47808 0.01137 
 2454054.661383 14.49317 0.01113 
 2454054.666755 14.48692 0.01100 
 2454054.672125 14.48829 0.01106 
 2454054.677497 14.47197 0.01153 
 2454054.682867 14.46876 0.01110 
 2454054.684971 14.48159 0.01133 
 2454054.689493 14.49348 0.01094 
 2454054.694012 14.47962 0.01054 
 2454054.698536 14.47170 0.01070 
 2454054.703058 14.50866 0.01088 
 2454054.707575 14.48759 0.01082 
 2454054.712099 14.47296 0.01064 
 2454054.716624 14.48913 0.01040 
 2454054.721147 14.48983 0.01061 
 2454054.725665 14.48844 0.01073 
 2454054.730189 14.48341 0.01075 
 2454054.734714 14.48096 0.01020 
 2454054.739238 14.48820 0.01025 
 2454055.646626 14.48069 0.01229 
 2454055.651150 14.49195 0.01222 
 2454055.655676 14.49365 0.01196 
 2454055.661040 14.48535 0.01187 
 2454055.666408 14.48655 0.01117 
 2454055.671778 14.48569 0.01140 
 2454055.677148 14.48420 0.01148 
 2454055.679253 14.47771 0.01125 
 2454055.683777 14.49326 0.01103 
 2454055.688302 14.48262 0.01096 
 2454055.692827 14.49861 0.01098 
 2454055.697343 14.49403 0.01079 
 2454055.701867 14.49567 0.01052 
 2454055.706389 14.48593 0.01082 
 2454055.710907 14.47316 0.01062 
 2454055.715432 14.48073 0.01062 
 2454055.719956 14.48983 0.01039 
 2454055.724473 14.48654 0.01069 
 2454055.728997 14.49455 0.01053 
 2454055.733520 14.49139 0.01035 
 2454056.647318 14.48089 0.01155 
 2454056.651837 14.48393 0.01182 
 2454056.656361 14.48180 0.01181 
 2454056.661723 14.48441 0.01153 
 2454056.667091 14.48121 0.01154 
 2454056.672454 14.49236 0.01175 
 2454056.677821 14.49515 0.01146 
 2454056.679924 14.49035 0.01133 
 2454056.684448 14.47073 0.01133 
 2454056.688972 14.48731 0.01093 
 2454056.693492 14.48797 0.01140 
 2454056.698015 14.48526 0.01097 
 2454056.702537 14.48902 0.01114 
 2454056.707056 14.48824 0.01077 
 2454056.711581 14.47648 0.01101 
 2454056.716105 14.48950 0.01069 
 2454056.720631 14.49169 0.01085 
 2454056.725154 14.47945 0.01116 
 2454056.729671 14.47970 0.01098 
 2454056.734196 14.48077 0.01079 
 2454057.641528 14.48572 0.01257 
 2454057.646052 14.49464 0.01203 
 2454057.650575 14.48715 0.01202 
 2454057.655939 14.49862 0.01210 
 2454057.661302 14.48346 0.01187 
 2454057.666667 14.48870 0.01169 
 2454057.672036 14.47927 0.01185 
 2454057.677400 14.46795 0.01183 
 2454057.679503 14.48762 0.01163 
 2454057.684026 14.48777 0.01147 
 2454057.688542 14.48471 0.01171 
 2454057.693066 14.47661 0.01157 
 2454057.697587 14.49262 0.01137 
 2454057.702107 14.48736 0.01126 
 2454057.706631 14.49324 0.01149 
 2454057.711156 14.47355 0.01156 
 2454057.715681 14.48720 0.01137 
 2454057.720203 14.48259 0.01109 
 2454057.724722 14.49457 0.01102 
 2454057.729246 14.47278 0.01157 
 2454058.641923 14.47815 0.01166 
 2454058.646443 14.49926 0.01132 
 2454058.650963 14.47759 0.01128 
 2454058.656328 14.48917 0.01171 
 2454058.661697 14.48240 0.01106 
 2454058.667066 14.48202 0.01111 
 2454058.672429 14.47640 0.01125 
 2454058.674533 14.48469 0.01117 
 2454058.679057 14.49137 0.01118 
 2454058.683579 14.48225 0.01093 
 2454058.688097 14.46680 0.01137 
 2454058.692621 14.48649 0.01100 
 2454058.697147 14.48688 0.01084 
 2454058.701672 14.50625 0.01107 
 2454058.706194 14.47762 0.01076 
 2454058.710713 14.47748 0.01069 
 2454058.715237 14.49717 0.01054 
 2454058.719762 14.48889 0.01037 
 2454058.724285 14.46953 0.01064 
 2454058.728802 14.47114 0.01057 
 2454059.580521 14.49204 0.01276 
 2454059.585045 14.45299 0.01297 
 2454059.589567 14.48934 0.01317 
 2454059.594085 14.48686 0.01279 
 2454059.598608 14.49080 0.01277 
 2454059.603125 14.46456 0.01218 
 2454059.607649 14.47911 0.01237 
 2454059.612171 14.47119 0.01208 
 2454059.616690 14.49484 0.01206 
 2454059.621213 14.49545 0.01201 
 2454059.625736 14.47773 0.01186 
 2454059.630255 14.49648 0.01173 
 2454059.634780 14.49810 0.01181 
 2454059.639301 14.50470 0.01187 
 2454059.643819 14.48837 0.01173 
 2454059.648340 14.48097 0.01139 
 2454059.653704 14.49917 0.01136 
 2454059.659067 14.50627 0.01140 
 2454059.664434 14.47997 0.01170 
 2454059.666537 14.49547 0.01131 
 2454059.671060 14.48760 0.01137 
 2454059.675579 14.49465 0.01130 
 2454059.680103 14.47114 0.01138 
 2454059.684625 14.47579 0.01106 
 2454059.689144 14.48733 0.01119 
 2454059.693667 14.50029 0.01089 
 2454059.698190 14.47095 0.01090 
 2454059.702708 14.48332 0.01085 
 2454059.707232 14.49977 0.01089 
 2454059.711754 14.49299 0.01102 
 2454059.716273 14.47682 0.01091 
 2454059.720797 14.48870 0.01062 
 2454059.725318 14.49222 0.01059 
 2454060.580529 14.48076 0.01403 
 2454060.585051 14.48693 0.01378 
 2454060.589569 14.47619 0.01409 
 2454060.594094 14.47919 0.01387 
 2454060.598617 14.47418 0.01421 
 2454060.603135 14.47632 0.01374 
 2454060.607659 14.48624 0.01371 
 2454060.612185 14.48791 0.01351 
 2454060.616710 14.49451 0.01304 
 2454060.621233 14.47137 0.01292 
 2454060.625750 14.49019 0.01260 
 2454060.630275 14.47684 0.01260 
 2454060.634796 14.47652 0.01255 
 2454060.639314 14.48192 0.01223 
 2454060.643840 14.48080 0.01198 
 2454060.649210 14.47273 0.01232 
 2454060.654581 14.48214 0.01194 
 2454060.659952 14.49349 0.01162 
 2454060.665322 14.47014 0.01168 
 2454060.667427 14.48469 0.01146 
 2454060.671947 14.48661 0.01136 
 2454060.676475 14.48265 0.01113 
 2454060.680994 14.48704 0.01086 
 2454060.685518 14.48675 0.01080 
 2454060.690040 14.48129 0.01085 
 2454060.694558 14.48860 0.01096 
 2454060.699081 14.49292 0.01063 
 2454060.705749 14.48203 0.01059 
 2454060.710272 14.49088 0.01049 
 2454060.714790 14.47444 0.01037 
 2454060.719313 14.48041 0.01053 
 2454060.723837 14.48643 0.01026 
 2454061.580528 14.50261 0.01392 
 2454061.585051 14.49176 0.01363 
 2454061.589570 14.49735 0.01298 
 2454061.594095 14.48593 0.01365 
 2454061.598620 14.47490 0.01337 
 2454061.603145 14.51174 0.01283 
 2454061.607668 14.49390 0.01311 
 2454061.612184 14.49634 0.01273 
 2454061.616709 14.47029 0.01297 
 2454061.621231 14.48953 0.01305 
 2454061.625749 14.50826 0.01240 
 2454061.630274 14.49183 0.01245 
 2454061.634800 14.46599 0.01238 
 2454061.639326 14.48449 0.01210 
 2454061.644689 14.48728 0.01153 
 2454061.650057 14.48253 0.01184 
 2454061.655425 14.48350 0.01159 
 2454061.660795 14.47458 0.01152 
 2454061.662893 14.48555 0.01113 
 2454061.667415 14.49533 0.01144 
 2454061.671937 14.48108 0.01123 
 2454061.676463 14.47891 0.01100 
 2454061.680989 14.47571 0.01119 
 2454061.685514 14.47620 0.01102 
 2454061.690033 14.49980 0.01072 
 2454061.694557 14.48936 0.01067 
 2454061.699080 14.48639 0.01081 
 2454061.703604 14.47240 0.01050 
 2454061.708131 14.49415 0.01033 
 2454061.712655 14.49332 0.01020 
 2454061.717174 14.49948 0.01013 
 2454066.579809 14.48700 0.01978 
 2454066.584334 14.48164 0.01362 
 2454066.588851 14.48766 0.01285 
 2454066.593373 14.47919 0.01332 
 2454066.597899 14.48381 0.01308 
 2454066.602417 14.47124 0.01298 
 2454066.606942 14.49405 0.01327 
 2454066.611464 14.48939 0.01299 
 2454066.615989 14.46751 0.01279 
 2454066.620509 14.49942 0.01262 
 2454066.625032 14.49612 0.01262 
 2454066.629556 14.49165 0.01241 
 2454066.634920 14.50000 0.01237 
 2454066.640289 14.48418 0.01245 
 2454066.645658 14.49277 0.01206 
 2454066.647762 14.48699 0.01212 
 2454066.652278 14.48137 0.01189 
 2454066.656802 14.50512 0.01288 
 2454066.661325 14.47185 0.01297 
 2454066.665849 14.49890 0.01945 
 2454066.670365 14.48730 0.01235 
 2454066.679406 14.48873 0.01206 
 2454066.683931 14.48694 0.01345 
 2454066.688452 14.49778 0.01192 
 2454066.692972 14.48705 0.01171 
 2454066.697497 14.48364 0.01029 
 2454066.702021 14.48960 0.01301 
 2454066.706547 14.48452 0.01289 
 2454077.579764 14.48012 0.01223 
 2454077.584281 14.49141 0.01208 
 2454077.588794 14.46864 0.01197 
 2454077.593309 14.48222 0.01180 
 2454077.597830 14.49761 0.01187 
 2454077.603194 14.48982 0.01281 
 2454077.613925 14.48841 0.01223 
 2454077.619287 14.48821 0.01165 
 2454077.621395 14.48818 0.01220 
 2454077.625912 14.47997 0.01239 
 2454077.630425 14.46853 0.01310 
 2454077.634939 14.48963 0.01322 
 2454077.639453 14.49435 0.01406 
 2454077.643967 14.48156 0.01437 
 2454077.648480 14.48364 0.01448 
 2454077.653002 14.50466 0.01486 
 2454077.657522 14.48248 0.01463 
 2454077.662044 14.47962 0.01506 
 2454077.666559 14.45489 0.01469 
 2454077.671072 14.48150 0.01430 
 2454077.675584 14.47863 0.01438 
 2454078.579757 14.48923 0.01211 
 2454078.584280 14.47345 0.01200 
 2454078.588798 14.49808 0.01182 
 2454078.593311 14.48788 0.01172 
 2454078.604034 14.48170 0.01156 
 2454078.609394 14.48739 0.01120 
 2454078.614762 14.48697 0.01116 
 2454078.616870 14.50116 0.01107 
 2454078.621392 14.47186 0.01152 
 2454078.625905 14.48171 0.01113 
 2454078.630419 14.48021 0.01113 
 2454078.634933 14.47814 0.01097 
 2454078.639446 14.48740 0.01105 
 2454078.643962 14.48893 0.01106 
 2454078.648475 14.48034 0.01101 
 2454078.652989 14.47223 0.01108 
 2454078.657502 14.48958 0.01098 
 2454078.662016 14.49271 0.01099 
 2454078.666530 14.48663 0.01125 
 2454078.671044 14.48989 0.01141 
 2454079.667575 14.47090 0.01027 
 2454080.579729 14.48224 0.01167 
 2454080.584243 14.49554 0.01141 
 2454080.588759 14.48621 0.01182 
 2454080.599487 14.47814 0.01138 
 2454080.604850 14.48642 0.01125 
 2454080.610210 14.49373 0.01119 
 2454080.612318 14.47453 0.01108 
 2454080.616835 14.48148 0.01076 
 2454080.621349 14.47980 0.01098 
 2454080.625864 14.46692 0.01090 
 2454080.630378 14.49580 0.01078 
 2454080.634893 14.48417 0.01100 
 2454080.639418 14.49444 0.01090 
 2454080.643933 14.46320 0.01087 
 2454080.648455 14.48891 0.01077 
 2454080.652970 14.47821 0.01066 
 2454080.657483 14.48909 0.01062 
 2454080.662000 14.49904 0.01070 
 2454080.666523 14.48742 0.01065 
 2454081.580718 14.48700 0.01137 
 2454081.585239 14.48610 0.01114 
 2454081.590603 14.48963 0.01092 
 2454081.595973 14.46877 0.01113 
 2454081.601342 14.49796 0.01111 
 2454081.606711 14.48920 0.01094 
 2454081.608820 14.48185 0.01093 
 2454081.613340 14.48475 0.01092 
 2454081.617854 14.49105 0.01065 
 2454081.622368 14.48028 0.01078 
 2454081.626882 14.49610 0.01076 
 2454081.631397 14.47634 0.01099 
 2454081.635918 14.50487 0.01064 
 2454081.640443 14.48129 0.01057 
 2454081.644959 14.48189 0.01051 
 2454081.649483 14.48370 0.01049 
 2454081.653999 14.48708 0.01064 
 2454081.658514 14.48064 0.01081 
 2454081.663037 14.49609 0.01071 
 2454082.580708 14.48626 0.01224 
 2454082.595951 14.46853 0.01620 
 2454082.601323 14.49499 0.01170 
 2454082.603432 14.49740 0.01155 
 2454082.607947 14.47696 0.01164 
 2454082.616975 14.48214 0.01210 
 2454082.630517 14.49744 0.01551 
 2454082.639545 14.49726 0.01452 
 2454082.644059 14.46277 0.01268 
 2454082.653086 14.50217 0.01109 
 2454082.657601 14.46713 0.01254 
 2454082.662115 14.48552 0.01230 
 2454083.580709 14.49286 0.01499 
 2454083.586072 14.48355 0.01252 
 2454083.591437 14.48295 0.01248 
 2454083.596800 14.47726 0.01251 
 2454083.602167 14.47804 0.01247 
 2454083.604270 14.49419 0.01238 
 2454083.613299 14.48227 0.01196 
 2454083.617814 14.48176 0.01219 
 2454083.626842 14.49489 0.01230 
 2454083.635870 14.48665 0.01208 
 2454083.640384 14.48631 0.01182 
 2454083.644898 14.48409 0.01170 
 2454083.649412 14.48660 0.01196 
 2454083.653926 14.48505 0.01197 
 2454093.581229 14.48875 0.01232 
 2454093.585959 14.46574 0.01263 
 2454093.590688 14.48077 0.01233 
 2454093.595418 14.48507 0.01209 
 2454093.600146 14.48796 0.01189 
 2454093.604873 14.48421 0.01217 
 2454093.609602 14.49539 0.01248 
 2454093.614332 14.48302 0.01119 
 2454093.619059 14.48816 0.01210 
 2454093.623785 14.46407 0.01135 
 2454093.628516 14.49499 0.01168 
 2454093.633243 14.49465 0.01165 
 2454107.587528 14.48875 0.01049 
 2454107.592258 14.48493 0.01029 
 2454108.588224 14.49413 0.01013 
 2454362.811812 14.48677 0.01189 
 2454362.822059 14.47924 0.01187 
 2454362.827601 14.47873 0.01182 
 2454362.833143 14.48543 0.01117 
 2454362.835339 14.48058 0.01117 
 2454362.840036 14.48700 0.01156 
 2454362.844725 14.48211 0.01130 
 2454362.849430 14.48395 0.01091 
 2454362.854127 14.47139 0.01139 
 2454362.858823 14.49840 0.01091 
 2454362.863510 14.48884 0.01116 
 2454362.868216 14.49046 0.01058 
 2454362.872913 14.48757 0.01065 
 2454362.877610 14.49599 0.01077 
 2454362.882298 14.47687 0.01062 
 2454362.887004 14.48744 0.01044 
 2454362.891700 14.48979 0.01028 
 2454362.896397 14.47983 0.01055 
 2454363.802049 14.47608 0.01114 
 2454363.806757 14.49422 0.01091 
 2454363.811465 14.48385 0.01100 
 2454363.817020 14.49580 0.01085 
 2454363.822575 14.47863 0.01059 
 2454363.828129 14.48033 0.00991 
 2454363.833682 14.48204 0.01016 
 2454363.835883 14.48109 0.01021 
 2454363.840589 14.50124 0.01043 
 2454363.845296 14.48553 0.01023 
 2454363.850002 14.47250 0.01076 
 2454363.854707 14.48037 0.01042 
 2454363.859413 14.49591 0.01069 
 2454363.864119 14.48588 0.00976 
 2454363.868825 14.49025 0.01039 
 2454363.873532 14.49497 0.01028 
 2454363.878238 14.50195 0.01052 
 2454363.882944 14.47999 0.00976 
 2454363.887652 14.48905 0.00992 
 2454363.892358 14.48894 0.01001 
 2454378.760995 14.48422 0.02543 
 2454378.770400 14.47785 0.00979 
 2454378.792593 14.48041 0.01234 
 2454378.804192 14.49143 0.00974 
 2454378.818299 14.48564 0.01146 
 2454378.827703 14.49005 0.01933 
 2454379.801083 14.48765 0.00922 
 2454380.761807 14.48763 0.01264 
 2454380.766514 14.47837 0.01184 
 2454380.772070 14.48979 0.01146 
 2454381.774033 14.49061 0.01134 
 2454381.779582 14.47755 0.01098 
 2454381.781780 14.48772 0.01111 
 2454381.786482 14.47015 0.01127 
 2454381.791186 14.49532 0.01119 
 2454381.795882 14.48527 0.01089 
 2454381.800593 14.47977 0.01093 
 2454381.805296 14.48417 0.01080 
 2454381.809999 14.47998 0.01038 
 2454381.814698 14.46999 0.00989 
 2454381.819406 14.49389 0.00968 
 2454381.824111 14.47525 0.01018 
 2454381.828812 14.49823 0.00924 
 2454381.833516 14.48742 0.00975 
 2454381.838216 14.48445 0.00942 
 2454381.842917 14.49313 0.00991 
 2454382.746250 14.49732 0.01119 
 2454382.750956 14.49546 0.01135 
 2454382.755662 14.48197 0.01147 
 2454382.760369 14.48858 0.01118 
 2454382.765923 14.47238 0.01116 
 2454382.771476 14.48450 0.01124 
 2454382.777030 14.48686 0.01134 
 2454382.779231 14.47977 0.01130 
 2454382.783922 14.48007 0.01107 
 2454382.788644 14.49483 0.01084 
 2454382.793352 14.48359 0.01097 
 2454382.798060 14.49180 0.01079 
 2454382.802760 14.49602 0.01071 
 2454382.807473 14.49094 0.01047 
 2454382.812182 14.47935 0.01104 
 2454382.816886 14.46887 0.01054 
 2454382.821589 14.48920 0.01090 
 2454382.826288 14.47854 0.01026 
 2454382.831003 14.48581 0.01034 
 2454382.835710 14.48295 0.01071 
 2454382.840417 14.47679 0.01066 
 2454384.745157 14.48343 0.01108 
 2454384.749865 14.47948 0.01132 
 2454384.754571 14.48546 0.01091 
 2454384.760120 14.48697 0.01084 
 2454384.765672 14.49292 0.01090 
 2454384.771224 14.47298 0.01129 
 2454384.773426 14.49178 0.01133 
 2454384.778130 14.48161 0.01101 
 2454384.782826 14.46915 0.01081 
 2454384.787542 14.49953 0.01078 
 2454384.792246 14.47583 0.01104 
 2454384.796954 14.47560 0.01076 
 2454384.801654 14.47936 0.01049 
 2454384.806372 14.48841 0.01058 
 2454384.811079 14.47436 0.01029 
 2454384.815787 14.49467 0.01062 
 2454384.820485 14.48478 0.00999 
 2454384.825198 14.47201 0.01013 
 2454384.829905 14.48562 0.01034 
 2454384.834609 14.47767 0.01023 
 2454385.738727 14.48003 0.01039 
 2454385.743430 14.46746 0.01014 
 2454385.748133 14.48691 0.01055 
 2454385.752836 14.48095 0.01042 
 2454385.758385 14.47194 0.01004 
 2454385.763935 14.48901 0.01016 
 2454385.769482 14.49131 0.00995 
 2454385.771679 14.47990 0.00998 
 2454385.776383 14.47346 0.01016 
 2454385.781089 14.48775 0.01011 
 2454385.785792 14.47116 0.00997 
 2454385.790495 14.47764 0.01017 
 2454385.795199 14.47747 0.01013 
 2454385.799903 14.47968 0.00995 
 2454385.804606 14.49369 0.00994 
 2454385.809308 14.50230 0.00981 
 2454385.814010 14.48936 0.01017 
 2454385.818714 14.48336 0.00982 
 2454385.823417 14.48030 0.00946 
 2454385.828119 14.48467 0.00987 
 2454385.832820 14.47409 0.00979 
 2454386.739956 14.46942 0.01055 
 2454386.744658 14.48674 0.01079 
 2454386.749361 14.46640 0.01050 
 2454386.754911 14.48036 0.01091 
 2454386.760459 14.48542 0.01077 
 2454386.766009 14.47705 0.01047 
 2454386.768209 14.48054 0.01046 
 2454386.772913 14.46007 0.01082 
 2454386.777616 14.48643 0.01079 
 2454386.782319 14.47100 0.01054 
 2454386.787024 14.48113 0.01086 
 2454386.791727 14.50103 0.01078 
 2454386.796430 14.47374 0.01051 
 2454386.801133 14.47592 0.01029 
 2454386.805838 14.48588 0.01004 
 2454386.810541 14.48908 0.01075 
 2454386.815243 14.49371 0.01003 
 2454386.819950 14.49827 0.01029 
 2454386.824654 14.48589 0.01011 
 2454386.829357 14.49047 0.01036 
 2454387.727807 14.49716 0.01133 
 2454387.732509 14.47262 0.01128 
 2454387.737210 14.48500 0.01088 
 2454387.741915 14.48091 0.01151 
 2454387.752163 14.48431 0.01105 
 2454387.757714 14.47403 0.01103 
 2454387.759912 14.47692 0.01118 
 2454387.764616 14.49214 0.01095 
 2454387.769320 14.49763 0.01105 
 2454387.774024 14.48422 0.01070 
 2454387.778727 14.49530 0.01028 
 2454387.783429 14.48320 0.01017 
 2454387.788133 14.48297 0.01044 
 2454387.792835 14.47724 0.01045 
 2454387.797539 14.48104 0.01003 
 2454387.802243 14.47986 0.01013 
 2454387.806950 14.47623 0.01043 
 2454387.811655 14.49312 0.00996 
 2454387.816349 14.49194 0.01047 
 2454387.821060 14.48338 0.01008 
 2454387.825764 14.49151 0.01025 
 2454388.728374 14.48252 0.01178 
 2454388.733084 14.49439 0.01176 
 2454388.752777 14.47410 0.01118 
 2454388.758336 14.48073 0.01115 
 2454388.760538 14.47611 0.01099 
 2454388.765241 14.47673 0.01100 
 2454388.769962 14.47557 0.01099 
 2454388.774673 14.48561 0.01091 
 2454388.779385 14.48166 0.01053 
 2454388.784086 14.49291 0.01081 
 2454388.788805 14.47249 0.01084 
 2454388.793516 14.47679 0.01085 
 2454388.798226 14.49710 0.01030 
 2454388.802927 14.50466 0.01047 
 2454388.807647 14.48741 0.01051 
 2454388.812357 14.49947 0.01037 
 2454388.817067 14.49404 0.01006 
 2454388.821755 14.47641 0.01019 
 2454389.726385 14.47139 0.01188 
 2454389.731073 14.49817 0.01196 
 2454389.745977 14.49361 0.01165 
 2454389.751510 14.48962 0.01155 
 2454389.753700 14.49589 0.01171 
 2454389.758387 14.48767 0.01109 
 2454389.763074 14.48476 0.01130 
 2454389.767761 14.48780 0.01121 
 2454389.772447 14.47033 0.01108 
 2454389.777133 14.47040 0.01080 
 2454389.781820 14.49765 0.01101 
 2454389.786506 14.49390 0.01103 
 2454389.791193 14.49250 0.01050 
 2454389.795881 14.49573 0.01105 
 2454389.800568 14.49173 0.01050 
 2454389.805256 14.49280 0.01094 
 2454389.809944 14.49578 0.01051 
 2454389.814630 14.47812 0.01063 
 2454389.819317 14.49362 0.01072 
 2454390.721602 14.47683 0.01187 
 2454390.726300 14.48506 0.01202 
 2454390.731016 14.47773 0.01164 
 2454390.735722 14.49065 0.01198 
 2454390.740420 14.46369 0.01182 
 2454390.745980 14.47638 0.01106 
 2454390.751531 14.48078 0.01134 
 2454390.753731 14.46446 0.01114 
 2454390.758436 14.49449 0.01135 
 2454390.763143 14.47998 0.01117 
 2454390.767848 14.49000 0.01125 
 2454390.772554 14.46949 0.01102 
 2454390.777258 14.49424 0.01102 
 2454390.781957 14.48835 0.01086 
 2454390.786671 14.49660 0.01097 
 2454390.791378 14.48719 0.01059 
 2454390.796077 14.48769 0.01050 
 2454390.800787 14.47796 0.01113 
 2454390.805493 14.48461 0.01065 
 2454390.810198 14.47896 0.01056 
 2454390.814883 14.49118 0.01066 
 2454390.819608 14.48191 0.01086 
 2454391.720986 14.47717 0.01124 
 2454391.725702 14.49485 0.01109 
 2454391.730413 14.48782 0.01102 
 2454391.735118 14.49042 0.01088 
 2454391.740672 14.49646 0.01073 
 2454391.746228 14.48322 0.01079 
 2454391.751786 14.47954 0.01072 
 2454391.753988 14.48789 0.01064 
 2454391.758694 14.48675 0.01068 
 2454391.763408 14.48099 0.01070 
 2454391.768120 14.47571 0.01048 
 2454391.772829 14.49467 0.01071 
 2454391.777539 14.48049 0.01039 
 2454391.782241 14.48507 0.01053 
 2454391.786960 14.49870 0.01018 
 2454391.791668 14.48936 0.01062 
 2454391.796377 14.48459 0.01054 
 2454391.801079 14.48540 0.01086 
 2454391.805795 14.49028 0.01054 
 2454391.810505 14.48748 0.01036 
 2454391.815216 14.48207 0.01042 
 2454392.721393 14.49503 0.01260 
 2454392.726110 14.48371 0.01209 
 2454392.730821 14.48728 0.01219 
 2454392.735532 14.49274 0.01174 
 2454392.741088 14.49189 0.01136 
 2454392.746644 14.48756 0.01164 
 2454392.748846 14.47516 0.01115 
 2454392.753555 14.48736 0.01083 
 2454392.758256 14.47851 0.01074 
 2454392.762974 14.49366 0.01047 
 2454392.767683 14.48738 0.01006 
 2454392.772393 14.50498 0.01030 
 2454392.777094 14.48036 0.01021 
 2454392.781798 14.48081 0.01029 
 2454392.786519 14.49071 0.00998 
 2454392.791228 14.48630 0.00966 
 2454392.795929 14.47690 0.01010 
 2454392.800646 14.48594 0.01006 
 2454392.805358 14.48456 0.01003 
 2454392.810071 14.48495 0.00989 
 2454393.715027 14.47235 0.01389 
 2454393.719736 14.47943 0.01414 
 2454393.724438 14.48425 0.01359 
 2454393.729153 14.47413 0.01367 
 2454393.733863 14.48161 0.01285 
 2454393.739419 14.48729 0.01265 
 2454393.744976 14.47049 0.01292 
 2454393.747172 14.48522 0.01232 
 2454393.751888 14.48220 0.01248 
 2454393.756599 14.49734 0.01231 
 2454393.761301 14.48324 0.01209 
 2454393.766019 14.48309 0.01202 
 2454393.770730 14.47571 0.01228 
 2454393.775441 14.47659 0.01220 
 2454393.780141 14.48888 0.01178 
 2454393.784859 14.47234 0.01188 
 2454393.789570 14.48742 0.01170 
 2454393.794279 14.50587 0.01169 
 2454393.798988 14.49867 0.01131 
 2454393.803688 14.48309 0.01088 
 2454393.808409 14.48975 0.01094 
 2454394.734637 14.46450 0.01391 
 2454394.736834 14.49108 0.01419 
 2454394.741549 14.48385 0.01409 
 2454394.746256 14.49583 0.01374 
 2454394.750963 14.48603 0.01377 
 2454394.755673 14.50911 0.01344 
 2454394.760384 14.49769 0.01302 
 2454394.765092 14.49680 0.01345 
 2454394.769793 14.48108 0.01349 
 2454394.774512 14.48780 0.01308 
 2454394.779222 14.48389 0.01318 
 2454394.783931 14.49157 0.01274 
 2454394.788633 14.48291 0.01347 
 2454394.793350 14.48891 0.01307 
 2454394.798062 14.46674 0.01311 
 2454394.802772 14.47554 0.01252 
 2454394.807479 14.48708 0.01284 
 2454395.753172 14.47179 0.01610 
 2454395.762588 14.48591 0.01571 
 2454395.767287 14.49298 0.01552 
 2454395.772002 14.48262 0.01531 
 2454395.776711 14.49784 0.01532 
 2454395.781420 14.48667 0.01505 
 2454395.786129 14.48394 0.01503 
 2454395.790828 14.48777 0.01493 
 2454395.795545 14.49456 0.01501 
 2454395.800253 14.48105 0.01499 
 2454395.804960 14.51652 0.01455 
 2454403.746917 14.47860 0.01639 
 2454403.749119 14.48114 0.01627 
 2454403.751320 14.49601 0.01535 
 2454403.753522 14.48405 0.01491 
 2454403.755717 14.49037 0.01560 
 2454403.757925 14.48358 0.01594 
 2454403.760128 14.48689 0.01542 
 2454403.762329 14.46154 0.01522 
 2454403.764531 14.48071 0.01567 
 2454403.766732 14.47974 0.01630 
 2454403.768934 14.46972 0.01510 
 2454403.771135 14.47653 0.01535 
 2454403.773338 14.50578 0.01485 
 2454403.775540 14.49670 0.01482 
 2454403.777742 14.49373 0.01467 
 2454403.779943 14.49602 0.01459 
 2454403.782145 14.50034 0.01473 
 2454403.784346 14.47516 0.01479 
 2454404.704835 14.49683 0.01183 
 2454404.732264 14.47702 0.01260 
 2454404.736974 14.49401 0.01352 
 2454404.741682 14.48746 0.01311 
 2454404.746388 14.49900 0.01298 
 2454404.751097 14.48788 0.01311 
 2454404.755806 14.47014 0.01315 
 2454404.760513 14.47824 0.01316 
 2454404.765220 14.47932 0.01295 
 2454404.769927 14.48248 0.01484 
 2454404.774634 14.49310 0.01255 
 2454405.705208 14.49028 0.01283 
 2454405.710761 14.48656 0.01281 
 2454405.716317 14.48259 0.01262 
 2454405.718519 14.47311 0.01237 
 2454405.723226 14.48203 0.01265 
 2454405.727934 14.49030 0.01283 
 2454405.732642 14.49358 0.01430 
 2454405.737349 14.49796 0.01220 
 2454405.742056 14.48431 0.01210 
 2454405.746761 14.48709 0.01241 
 2454405.751468 14.49732 0.01226 
 2454405.756176 14.50313 0.01190 
 2454405.760883 14.47807 0.01268 
 2454405.765589 14.48152 0.01228 
 2454405.770298 14.48268 0.01254 
 2454405.775005 14.48972 0.01271 
 2454407.698130 14.51016 0.01137 
 2454407.703680 14.48796 0.01104 
 2454407.709234 14.48541 0.01105 
 2454407.711434 14.49083 0.01102 
 2454407.716142 14.50105 0.01108 
 2454407.720848 14.49657 0.01132 
 2454407.725554 14.49002 0.01074 
 2454407.730261 14.50114 0.01084 
 2454407.734969 14.48953 0.01075 
 2454407.739677 14.49737 0.01094 
 2454407.744385 14.49449 0.01044 
 2454407.749093 14.49861 0.01101 
 2454407.753802 14.48925 0.01075 
 2454407.758508 14.48848 0.01095 
 2454407.763218 14.48730 0.01086 
 2454407.767927 14.49188 0.01055 
 2454407.772637 14.48215 0.01071 
 2454408.679530 14.49539 0.01649 
 2454408.684244 14.49839 0.01273 
 2454408.694505 14.47924 0.01273 
 2454408.700058 14.49799 0.01187 
 2454408.705609 14.48873 0.01219 
 2454408.707809 14.48208 0.01193 
 2454408.712516 14.48141 0.01168 
 2454408.717221 14.48456 0.01176 
 2454408.721927 14.48292 0.01075 
 2454408.726636 14.47994 0.01204 
 2454408.731343 14.47749 0.01156 
 2454408.736050 14.47277 0.01164 
 2454408.740756 14.49539 0.01078 
 2454408.745462 14.46977 0.01180 
 2454408.750169 14.47938 0.01117 
 2454408.754877 14.50026 0.01144 
 2454408.759586 14.48801 0.01106 
 2454408.764295 14.49072 0.01112 
 2454408.769002 14.48545 0.01129 
 2454409.673183 14.48164 0.01198 
 2454409.677896 14.47376 0.01194 
 2454409.682605 14.47546 0.01151 
 2454409.687312 14.48878 0.01151 
 2454409.692867 14.48878 0.01148 
 2454409.698425 14.48055 0.01118 
 2454409.703982 14.47960 0.01135 
 2454409.706185 14.49007 0.01115 
 2454409.710893 14.49500 0.01116 
 2454409.715594 14.49960 0.01093 
 2454409.720311 14.49118 0.01109 
 2454409.725019 14.48925 0.01100 
 2454409.729728 14.48006 0.01115 
 2454409.734437 14.46533 0.01049 
 2454409.739146 14.49086 0.01106 
 2454409.743855 14.48948 0.01051 
 2454409.748566 14.50346 0.01100 
 2454409.753276 14.47760 0.01015 
 2454409.757975 14.49563 0.01094 
 2454409.762694 14.48826 0.01072 
 2454409.767404 14.49463 0.01068 
 2454410.678258 14.49489 0.01489 
 2454410.682972 14.50610 0.01340 
 2454410.688525 14.49122 0.01223 
 2454410.694078 14.48323 0.01130 
 2454410.699631 14.49525 0.01257 
 2454410.701833 14.48440 0.01253 
 2454410.706541 14.47653 0.01220 
 2454410.715956 14.49925 0.01315 
 2454410.720666 14.50694 0.01435 
 2454410.725375 14.51055 0.01182 
 2454410.730082 14.48961 0.01079 
 2454410.734792 14.47642 0.01089 
 2454410.739500 14.50104 0.01369 
 2454411.667203 14.47833 0.01226 
 2454411.671902 14.47867 0.01199 
 2454411.676621 14.47289 0.01174 
 2454411.681331 14.48853 0.01188 
 2454411.686885 14.48555 0.01159 
 2454411.692440 14.47212 0.01128 
 2454411.697992 14.47419 0.01149 
 2454411.700193 14.48807 0.01109 
 2454411.704900 14.49489 0.01115 
 2454411.709598 14.49363 0.01068 
 2454411.714316 14.49489 0.01075 
 2454411.719024 14.49229 0.01036 
 2454411.723731 14.48548 0.01060 
 2454411.728430 14.48817 0.01017 
 2454411.733147 14.48011 0.01045 
 2454411.737852 14.48529 0.01008 
 2454411.742560 14.49172 0.01031 
 2454411.747260 14.47600 0.00964 
 2454412.677680 14.49071 0.01496 
 2454412.710646 14.48907 0.01198 
 2454412.715363 14.49452 0.01071 
 2454412.720071 14.50340 0.01046 
 2454412.724777 14.48571 0.01029 
 2454412.729452 14.48645 0.01041 
 2454412.734193 14.47384 0.01045 
 2454412.738900 14.48793 0.00943 
 2454412.743607 14.47458 0.00969 
 2454412.748306 14.50408 0.01062 
 2454412.753020 14.49340 0.01121 
 2454412.757727 14.50506 0.01053 
 2454413.661925 14.50160 0.01183 
 2454413.666635 14.48277 0.01191 
 2454413.671336 14.47433 0.01155 
 2454413.676049 14.48079 0.01146 
 2454413.681603 14.49012 0.01149 
 2454413.687156 14.48245 0.01112 
 2454413.692712 14.48150 0.01103 
 2454413.694913 14.48948 0.01089 
 2454413.699621 14.48837 0.01089 
 2454413.704331 14.47846 0.01072 
 2454413.709039 14.48158 0.01074 
 2454413.713737 14.47340 0.01034 
 2454413.718455 14.48282 0.01049 
 2454413.723165 14.48886 0.01042 
 2454413.727874 14.49664 0.01056 
 2454413.732573 14.48878 0.00976 
 2454413.737289 14.49387 0.01056 
 2454413.742000 14.48195 0.00980 
 2454413.746708 14.48871 0.01047 
 2454413.751417 14.47516 0.01020 
 2454413.756118 14.48753 0.01007 
 2454414.662995 14.48623 0.01263 
 2454414.667704 14.47442 0.01139 
 2454414.672412 14.48968 0.01352 
 2454414.677967 14.49391 0.01197 
 2454414.683522 14.47527 0.01191 
 2454414.715663 14.47961 0.01131 
 2454414.720373 14.48458 0.01157 
 2454414.725074 14.48063 0.01082 
 2454414.729792 14.50026 0.03575 
 2454414.739206 14.48049 0.01068 
 2454414.743908 14.45995 0.01152 
 2454414.748625 14.49020 0.01095 
 2454414.753334 14.50020 0.01082 
 2454415.670751 14.49307 0.01078 
 2454415.681861 14.47820 0.01039 
 2454415.687416 14.47695 0.01089 
 2454415.689617 14.48103 0.01002 
 2454415.694325 14.49810 0.01043 
 2454415.699024 14.50360 0.01034 
 2454415.703742 14.48056 0.01035 
 2454415.708452 14.49362 0.01005 
 2454415.713161 14.48775 0.01019 
 2454415.717867 14.48514 0.01005 
 2454415.722570 14.48755 0.01013 
 2454415.727290 14.49499 0.00964 
 2454415.732000 14.48207 0.00997 
 2454415.736698 14.48194 0.00945 
 2454416.673892 14.48667 0.01063 
 2454416.679252 14.49196 0.01088 
 2454416.684611 14.47257 0.01019 
 2454416.689971 14.47009 0.01070 
 2454416.695330 14.48595 0.01053 
 2454416.697426 14.48511 0.01039 
 2454416.701954 14.48929 0.00995 
 2454416.706464 14.48037 0.01021 
 2454416.710982 14.47797 0.01009 
 2454416.715494 14.48032 0.01016 
 2454416.720008 14.49000 0.00947 
 2454416.724522 14.48208 0.00975 
 2454416.729036 14.47983 0.00994 
 2454416.733550 14.48427 0.00975 
 2454416.738056 14.48261 0.00938 
 2454416.742576 14.49563 0.00962 
 2454416.747083 14.48289 0.00936 
 2454417.653917 14.50095 0.01207 
 2454417.658428 14.47065 0.01194 
 2454417.662942 14.49431 0.01179 
 2454417.667456 14.47390 0.01176 
 2454417.672818 14.48178 0.01177 
 2454417.678171 14.49185 0.01158 
 2454417.680275 14.48572 0.01170 
 2454417.684791 14.47997 0.01149 
 2454417.689306 14.48685 0.01154 
 2454417.693822 14.48375 0.01142 
 2454417.698337 14.46655 0.01054 
 2454417.711877 14.48591 0.01071 
 2454417.716389 14.48194 0.01048 
 2454417.720903 14.48152 0.01078 
 2454417.725416 14.49031 0.01059 
 2454417.729928 14.49006 0.01102 
 2454417.734442 14.48326 0.01067 
 2454417.738956 14.48771 0.01028 
 2454417.743469 14.49500 0.01044 
 2454418.647823 14.48831 0.01222 
 2454418.652345 14.48446 0.01225 
 2454418.656854 14.49841 0.01168 
 2454418.661372 14.48398 0.01167 
 2454418.666733 14.48599 0.01151 
 2454418.672093 14.48617 0.01115 
 2454418.677452 14.46671 0.01127 
 2454418.679553 14.47461 0.01114 
 2454418.684066 14.48040 0.01149 
 2454418.688580 14.48290 0.01124 
 2454418.693089 14.49059 0.01111 
 2454418.697608 14.49018 0.01085 
 2454418.702112 14.48310 0.01104 
 2454418.706636 14.49196 0.01082 
 2454418.711150 14.48157 0.01072 
 2454418.715663 14.48319 0.01060 
 2454418.720177 14.49109 0.01005 
 2454418.724689 14.48739 0.01081 
 2454418.729203 14.47786 0.01023 
 2454418.733712 14.49593 0.01066 
 2454418.738230 14.48889 0.00988 
 2454418.742738 14.48844 0.01039 
 2454419.648935 14.48697 0.01186 
 2454419.653452 14.48668 0.01155 
 2454419.657965 14.49221 0.01154 
 2454419.662477 14.47573 0.01117 
 2454419.667836 14.47013 0.01111 
 2454419.673196 14.47070 0.01078 
 2454419.675297 14.47265 0.01059 
 2454419.679812 14.49603 0.01073 
 2454419.684327 14.47012 0.01035 
 2454419.688841 14.47450 0.01057 
 2454419.693355 14.48078 0.01060 
 2454419.697869 14.48953 0.01024 
 2454419.702383 14.46643 0.01025 
 2454419.706897 14.47957 0.01018 
 2454419.711410 14.48506 0.01007 
 2454419.715923 14.48311 0.00971 
 2454419.720436 14.49423 0.01003 
 2454419.724950 14.48278 0.00958 
 2454419.729464 14.48519 0.01008 
 2454419.733977 14.49158 0.00962 
 2454419.738491 14.47911 0.00977 
 2454421.643832 14.50219 0.01404 
 2454421.652857 14.50989 0.01400 
 2454421.662734 14.46857 0.01332 
 2454421.668091 14.48961 0.01323 
 2454421.670194 14.46628 0.01294 
 2454421.674709 14.49654 0.01260 
 2454421.679223 14.49129 0.01249 
 2454421.683738 14.49979 0.01243 
 2454421.688251 14.49008 0.01242 
 2454421.692764 14.49324 0.01248 
 2454421.697278 14.47533 0.01241 
 2454421.701791 14.49239 0.01244 
 2454421.706303 14.48576 0.01228 
 2454421.710817 14.49344 0.01201 
 2454421.715329 14.50468 0.01212 
 2454421.719837 14.48884 0.01158 
 2454421.724356 14.49247 0.01233 
 2454421.728870 14.49205 0.01135 
 2454421.733385 14.47932 0.01184 
 2454422.640614 14.46382 0.01419 
 2454422.642720 14.47606 0.01417 
 2454422.644826 14.48402 0.01349 
 2454422.646932 14.50025 0.01304 
 2454422.649037 14.49127 0.01364 
 2454422.651143 14.49276 0.01314 
 2454422.653247 14.48921 0.01013 
 2454422.655350 14.47402 0.01323 
 2454422.657456 14.48364 0.01326 
 2454422.659564 14.47930 0.01391 
 2454422.661672 14.47637 0.01271 
 2454422.663776 14.47269 0.01327 
 2454422.665883 14.47409 0.01380 
 2454422.667989 14.46693 0.01341 
 2454422.672514 14.47245 0.01311 
 2454422.677028 14.48341 0.01296 
 2454422.681535 14.50087 0.01240 
 2454422.686057 14.49368 0.01300 
 2454422.690563 14.48520 0.01250 
 2454422.695083 14.49244 0.01248 
 2454422.699590 14.47976 0.01213 
 2454422.704111 14.48439 0.01251 
 2454422.708621 14.50203 0.01210 
 2454422.713137 14.49622 0.01243 
 2454422.717648 14.49604 0.01173 
 2454422.722164 14.48513 0.01170 
 2454422.726667 14.49286 0.01184 
 2454422.731189 14.47364 0.01246 
 2454432.586106 14.47008 0.02780 
 2454433.586092 14.49721 0.01406 
 2454433.590673 14.46759 0.01413 
 2454433.595237 14.49148 0.01239 
 2454433.599816 14.48341 0.01245 
 2454433.604394 14.49569 0.01243 
 2454433.608980 14.50290 0.01190 
 2454433.613545 14.47777 0.01170 
 2454433.618113 14.50819 0.01237 
 2454433.622713 14.48790 0.01240 
 2454433.628139 14.48655 0.01187 
 2454433.633561 14.49978 0.01151 
 2454433.638920 14.47097 0.01159 
 2454433.641026 14.48660 0.01132 
 2454433.645542 14.50411 0.01130 
 2454433.650056 14.49310 0.01143 
 2454433.654570 14.48904 0.01089 
 2454433.659085 14.49959 0.01068 
 2454433.663590 14.48276 0.01094 
 2454433.668111 14.48939 0.01087 
 2454437.581435 14.47503 0.01138 
 2454437.585947 14.47104 0.01134 
 2454437.590459 14.49612 0.01111 
 2454437.594973 14.46986 0.01102 
 2454437.599486 14.48886 0.01109 
 2454437.603992 14.48727 0.01077 
 2454437.608512 14.48690 0.01080 
 2454437.618388 14.48749 0.01060 
 2454437.623747 14.49253 0.01045 
 2454437.629105 14.47251 0.01015 
 2454437.631207 14.47201 0.01006 
 2454437.635723 14.48760 0.01007 
 2454437.640235 14.48801 0.01014 
 2454437.644751 14.48909 0.00973 
 2454437.649263 14.47190 0.00966 
 2454437.653775 14.48649 0.00983 
 2454437.658291 14.49254 0.00995 
 2454437.662803 14.48491 0.00997 
 2454437.667317 14.48672 0.00973 
 2454437.671830 14.48423 0.00958 
 2454437.676344 14.49084 0.00959 
 2454437.680857 14.48655 0.00973 
 2454437.685368 14.48390 0.00995 
 2454437.689883 14.47282 0.00963 
 2454438.581519 14.48788 0.01121 
 2454438.586105 14.48452 0.01112 
 2454438.590673 14.49058 0.01084 
 2454438.595258 14.46795 0.01103 
 2454438.599811 14.49758 0.01102 
 2454438.604400 14.46980 0.01077 
 2454438.608958 14.48641 0.01081 
 2454438.614392 14.47833 0.01069 
 2454438.619810 14.48939 0.01054 
 2454438.625221 14.48533 0.01055 
 2454438.627363 14.48040 0.01039 
 2454438.631942 14.47787 0.01043 
 2454438.636487 14.48512 0.01058 
 2454438.641065 14.47573 0.01050 
 2454438.645619 14.47840 0.01030 
 2454438.650203 14.48359 0.01039 
 2454438.654749 14.47858 0.01060 
 2454438.659362 14.49016 0.01053 
 2454438.663941 14.47988 0.01025 
 2454438.668509 14.47548 0.00987 
 2454438.673086 14.48647 0.00999 
 2454438.677615 14.47479 0.01026 
 2454438.682191 14.47034 0.01041 
 2454438.686731 14.47999 0.01024 
 2454439.581532 14.48413 0.01096 
 2454439.586129 14.47883 0.01102 
 2454439.590727 14.50456 0.01056 
 2454439.595322 14.49688 0.01076 
 2454439.599914 14.48729 0.01062 
 2454439.604524 14.47050 0.01072 
 2454439.609959 14.48762 0.01044 
 2454439.615394 14.49119 0.01051 
 2454439.620843 14.49061 0.01045 
 2454439.626310 14.48892 0.01034 
 2454439.628468 14.49320 0.01024 
 2454439.633039 14.49200 0.01023 
 2454439.637612 14.48352 0.01014 
 2454439.642183 14.49412 0.01002 
 2454439.646789 14.49895 0.01020 
 2454439.651394 14.49389 0.01050 
 2454439.655992 14.50470 0.00977 
 2454439.660585 14.48538 0.01040 
 2454439.665174 14.49415 0.00978 
 2454439.669734 14.48128 0.01004 
 2454439.674297 14.49118 0.01005 
 2454439.678874 14.48268 0.00991 
 2454439.683449 14.49357 0.00962 
 2454447.588366 14.49811 0.01045 
 2454447.593799 14.47932 0.01030 
 2454447.599221 14.48785 0.01033 
 2454447.604646 14.49347 0.01028 
 2454447.606786 14.48364 0.01033 
 2454447.611372 14.49562 0.01052 
 2454447.615960 14.48697 0.01028 
 2454447.620541 14.49105 0.01016 
 2454447.625136 14.47743 0.01021 
 2454447.629720 14.48288 0.01024 
 2454447.634276 14.49265 0.01013 
 2454447.638864 14.48382 0.00978 
 2454447.643449 14.48884 0.00994 
 2454447.648031 14.47831 0.00989 
 2454447.652610 14.49439 0.01028 
 2454447.657195 14.49090 0.00997 
 2454447.661774 14.48449 0.00989 
 2454448.588387 14.46980 0.01072 
 2454448.593827 14.46859 0.01017 
 2454448.610618 14.49424 0.01335 
 2454448.615216 14.50538 0.01159 
 2454448.619823 14.50035 0.01041 
 2454448.624424 14.49297 0.01019 
 2454448.629011 14.47808 0.01025 
 2454448.633629 14.48551 0.00963 
 2454448.638254 14.48750 0.01016 
 2454448.642835 14.47587 0.00955 
 2454448.647416 14.48133 0.01047 
 2454448.652013 14.50964 0.01010 
 2454448.656617 14.48116 0.01003 
 2454448.661224 14.49433 0.01024 
 2454449.581712 14.49823 0.01150 
 2454449.583856 14.50122 0.01158 
 2454449.586000 14.46082 0.01145 
 2454449.588151 14.48049 0.01156 
 2454449.590296 14.47913 0.01143 
 2454449.592434 14.49102 0.01138 
 2454449.594576 14.49197 0.01128 
 2454449.596718 14.49083 0.01120 
 2454449.601316 14.50094 0.01127 
 2454449.605899 14.48292 0.01096 
 2454449.610494 14.49695 0.01107 
 2454449.615097 14.48579 0.01062 
 2454449.619685 14.49187 0.01079 
 2454449.624285 14.47100 0.01036 
 2454449.628880 14.49044 0.01087 
 2454449.633510 14.48362 0.01003 
 2454449.638100 14.48593 0.01088 
 2454449.642679 14.50483 0.01018 
 2454449.647253 14.50877 0.01030 
 2454449.651848 14.49508 0.01051 
 2454449.656450 14.48501 0.01027 
 2454450.581692 14.49230 0.01142 
 2454450.583794 14.48181 0.01161 
 2454450.585952 14.46193 0.01175 
 2454450.588094 14.49684 0.01158 
 2454450.590227 14.48566 0.01178 
 2454450.592368 14.48642 0.01154 
 2454450.594501 14.49023 0.01143 
 2454450.599075 14.48268 0.01139 
 2454450.603648 14.45416 0.01121 
 2454450.608211 14.48850 0.01159 
 2454450.612804 14.47199 0.01114 
 2454450.617376 14.48134 0.01132 
 2454450.621961 14.49223 0.01076 
 2454450.626522 14.48263 0.01121 
 2454450.631095 14.47994 0.01125 
 2454450.635682 14.49442 0.01110 
 2454450.640250 14.48254 0.01095 
 2454450.644808 14.46131 0.01066 
 2454450.649356 14.49126 0.01106 
 2454450.653951 14.47321 0.01120 
 2454460.581923 14.49257 0.01103 
 2454460.584027 14.48630 0.01143 
 2454460.588542 14.47799 0.01156 
 2454460.593047 14.49148 0.01112 
 2454460.597569 14.46824 0.01167 
 2454460.602074 14.48841 0.01254 
 2454460.606596 14.50209 0.01288 
 2454460.611103 14.49297 0.01370 
 2454460.615622 14.49838 0.01404 
 2454460.620137 14.48257 0.01353 
 2454460.624650 14.49181 0.01427 
 2454461.582622 14.48702 0.01166 
 2454461.584731 14.48014 0.01136 
 2454461.589241 14.48624 0.01139 
 2454461.593748 14.49324 0.01140 
 2454461.598270 14.48542 0.01124 
 2454461.602777 14.48130 0.01126 
 2454461.607301 14.48854 0.01070 
 2454461.611807 14.47745 0.01085 
 2454461.616329 14.48769 0.01107 
 2454461.620835 14.49358 0.01120 
 2454461.625357 14.48466 0.01124 
 2454462.583317 14.48504 0.01076 
 2454462.585423 14.49883 0.01002 
 2454462.589940 14.47777 0.01095 
 2454462.594456 14.49403 0.01094 
 2454462.598968 14.50137 0.01022 
 2454462.603475 14.47115 0.01142 
 2454462.607996 14.49325 0.01108 
 2454462.612500 14.49205 0.01106 
 2454462.617022 14.49223 0.01065 
 2454462.621535 14.49061 0.01098 
 2454463.583313 14.47688 0.01231 
 2454463.585415 14.49386 0.01200 
 2454463.589930 14.46412 0.01108 
 2454463.594443 14.46719 0.01069 
 2454463.598955 14.49500 0.01062 
 2454463.603467 14.49066 0.01010 
 2454463.607982 14.50652 0.01040 
 2454463.612495 14.50663 0.01051 
 2454463.617008 14.48212 0.01020 
 2454464.586186 14.47794 0.01313 
 2454464.590700 14.47500 0.01336 
 2454464.595213 14.47637 0.01136 
 2454464.599727 14.49515 0.01160 
 2454464.604242 14.48961 0.01134 
 2454464.608754 14.49140 0.01064 
 2454464.613268 14.47812 0.01082 
 2454464.617779 14.47993 0.01077 
 2454465.584018 14.47931 0.01007 
 2454465.586173 14.48234 0.01047 
 2454465.590687 14.48236 0.01075 
 2454465.595201 14.47533 0.01004 
 2454465.599714 14.47363 0.01021 
 2454465.604226 14.48747 0.01045 
 2454465.608740 14.48851 0.01061 
 2454465.613254 14.49239 0.01052 
 2454731.715653 14.47938 0.01327 
 2454731.740473 14.47364 0.01167 
 2454731.752882 14.47900 0.01187 
 2454731.762949 14.50135 0.01227 
 2454731.783089 14.47987 0.01282 
 2454731.803241 14.47922 0.01284 
 2454731.811065 14.49402 0.01256 
 2454731.818883 14.48134 0.01271 
 2454731.829045 14.48643 0.01275 
 2454731.839203 14.49440 0.01243 
 2454731.849361 14.48804 0.01231 
 2454731.859517 14.48748 0.01232 
 2454731.869674 14.51050 0.01226 
 2454732.708650 14.49178 0.01198 
 2454732.723394 14.45569 0.01129 
 2454732.735809 14.48362 0.01078 
 2454732.748218 14.49746 0.01045 
 2454732.760626 14.47774 0.01024 
 2454732.770684 14.48358 0.01021 
 2454732.780751 14.47151 0.01049 
 2454732.790832 14.47519 0.01063 
 2454732.800896 14.47606 0.01034 
 2454732.808721 14.47857 0.01036 
 2454732.816537 14.49966 0.01046 
 2454732.826705 14.49409 0.01041 
 2454732.836865 14.47702 0.01097 
 2454732.847024 14.48584 0.01087 
 2454732.857180 14.50959 0.01084 
 2454732.867338 14.49636 0.01073 
 2454733.721126 14.48572 0.01285 
 2454733.733544 14.49116 0.01239 
 2454733.745963 14.47637 0.01197 
 2454733.758383 14.47002 0.01135 
 2454733.768457 14.47560 0.01072 
 2454733.778547 14.49505 0.01090 
 2454733.788621 14.46332 0.01084 
 2454733.798707 14.49462 0.01048 
 2454733.808785 14.49156 0.01003 
 2454733.818864 14.45515 0.01031 
 2454733.831290 14.49415 0.00970 
 2454733.843712 14.48785 0.00984 
 2454733.856135 14.49611 0.00953 
 2454734.706613 14.47361 0.01320 
 2454734.721378 14.49893 0.01291 
 2454734.733787 14.49071 0.01266 
 2454734.746198 14.50222 0.01156 
 2454734.756279 14.49113 0.01150 
 2454734.766362 14.50263 0.01118 
 2454734.776444 14.49449 0.01119 
 2454734.796616 14.48529 0.01095 
 2454734.806708 14.47843 0.01038 
 2454734.816783 14.47415 0.01098 
 2454734.829208 14.48668 0.01042 
 2454734.841632 14.49110 0.01044 
 2454734.854057 14.48024 0.01014 
 2454737.699062 14.47593 0.01204 
 2454737.711499 14.48590 0.01123 
 2454737.723927 14.48093 0.01057 
 2454737.736358 14.49609 0.01104 
 2454737.748795 14.47762 0.01065 
 2454737.758891 14.48451 0.01022 
 2454737.768982 14.49468 0.01066 
 2454737.781424 14.46840 0.00947 
 2454737.791513 14.49694 0.00951 
 2454737.801599 14.47022 0.00966 
 2454737.814033 14.49015 0.00946 
 2454737.826466 14.50003 0.00921 
 2454737.838893 14.47329 0.00945 
 2454737.851317 14.47892 0.00945 
 2454738.693834 14.50477 0.01196 
 2454738.708597 14.50139 0.01201 
 2454738.721003 14.47866 0.01178 
 2454738.733409 14.48185 0.01147 
 2454738.745823 14.48868 0.01118 
 2454738.755897 14.48575 0.01069 
 2454738.765980 14.48494 0.01045 
 2454738.776043 14.48305 0.01032 
 2454738.786120 14.49760 0.00983 
 2454738.796193 14.49984 0.00990 
 2454738.806265 14.48236 0.00959 
 2454738.818682 14.48829 0.00971 
 2454738.831092 14.48514 0.00967 
 2454738.843505 14.48693 0.00965 
 2454739.792276 14.48218 0.01068 
 2454739.802351 14.46695 0.01027 
 2454739.814751 14.49152 0.01012 
 2454739.827176 14.49848 0.01004 
 2454739.839594 14.49778 0.00986 
 2454741.775909 14.48986 0.01130 
 2454741.785992 14.47739 0.01111 
 2454741.796068 14.49146 0.01117 
 2454741.808482 14.47903 0.01098 
 2454741.820895 14.47768 0.01072 
 2454741.833305 14.48593 0.01040 
 2454741.845713 14.48176 0.01047 
 2454742.710481 14.50469 0.01155 
 2454742.722916 14.49162 0.01316 
 2454742.733005 14.48471 0.01062 
 2454742.743101 14.47907 0.01073 
 2454742.753182 14.47058 0.01074 
 2454742.773352 14.48523 0.00972 
 2454742.783443 14.48169 0.01143 
 2454742.793527 14.49746 0.01046 
 2454742.805962 14.48786 0.00994 
 2454742.818397 14.48312 0.00984 
 2454742.830820 14.48486 0.00977 
 2454743.816087 14.49777 0.01011 
 2454743.828501 14.48181 0.01023 
 2454745.677608 14.47865 0.01616 
 2454745.690030 14.46724 0.01482 
 2454745.702453 14.49832 0.01419 
 2454745.714883 14.48336 0.01303 
 2454745.727301 14.47103 0.01302 
 2454745.737382 14.48154 0.01264 
 2454745.747457 14.47034 0.01301 
 2454745.759889 14.48586 0.01154 
 2454745.769974 14.49871 0.01150 
 2454745.780045 14.46893 0.01109 
 2454745.792463 14.49098 0.01089 
 2454745.804884 14.48077 0.01063 
 2454745.817311 14.50362 0.01034 
 2454745.829738 14.48083 0.01026 
 2454746.674829 14.48728 0.01596 
 2454746.687252 14.49549 0.01489 
 2454746.699661 14.51036 0.01443 
 2454746.712056 14.47885 0.01317 
 2454746.724479 14.47711 0.01328 
 2454746.734551 14.49742 0.01290 
 2454746.744627 14.48451 0.01286 
 2454746.764758 14.48084 0.01195 
 2454746.774832 14.49004 0.01204 
 2454746.784912 14.49073 0.01166 
 2454746.797320 14.48591 0.01141 
 2454746.809724 14.48435 0.01136 
 2454746.822139 14.49025 0.01141 
 2454747.671740 14.47730 0.01632 
 2454747.684152 14.48215 0.01597 
 2454747.696571 14.46686 0.01521 
 2454747.708982 14.47487 0.01505 
 2454747.721388 14.48502 0.01368 
 2454747.731459 14.45791 0.01355 
 2454747.741534 14.47934 0.01324 
 2454747.761680 14.47712 0.01239 
 2454747.771751 14.47860 0.01190 
 2454747.781818 14.47889 0.01152 
 2454747.794219 14.49385 0.01089 
 2454747.806631 14.47185 0.01048 
 2454747.819045 14.48094 0.01037 
 2454748.662507 14.47653 0.01948 
 2454748.677210 14.48037 0.01825 
 2454748.689584 14.46763 0.01676 
 2454748.701962 14.50507 0.01608 
 2454748.714347 14.46715 0.01536 
 2454748.724391 14.49028 0.01488 
 2454748.734437 14.48850 0.01411 
 2454748.744478 14.49176 0.01442 
 2454748.756862 14.48553 0.01388 
 2454748.766902 14.49096 0.01341 
 2454748.776945 14.48033 0.01307 
 2454748.789315 14.47747 0.01248 
 2454748.801682 14.47255 0.01252 
 2454748.814060 14.48890 0.01218 
 2454748.826439 14.47312 0.01136 
 2454749.661539 14.49314 0.01898 
 2454749.676312 14.47730 0.01820 
 2454749.688730 14.48592 0.01707 
 2454749.701150 14.49092 0.01631 
 2454749.713566 14.50719 0.01551 
 2454749.723648 14.48937 0.01541 
 2454749.733738 14.49368 0.01496 
 2454749.743820 14.50680 0.01480 
 2454749.756241 14.48889 0.01412 
 2454749.766327 14.49268 0.01363 
 2454749.776399 14.47021 0.01304 
 2454749.788829 14.48050 0.01292 
 2454749.801251 14.47846 0.01292 
 2454749.813675 14.48396 0.01309 
 2454758.639633 14.50252 0.01336 
 2454758.654400 14.49216 0.01341 
 2454759.638578 14.48031 0.01331 
 2454759.653355 14.50254 0.01282 
 2454759.665771 14.49790 0.01206 
 2454759.678174 14.48468 0.01146 
 2454759.688246 14.49789 0.01131 
 2454759.698316 14.47489 0.01130 
 2454759.718460 14.48676 0.01232 
 2454759.728525 14.50142 0.01214 
 2454759.736359 14.49149 0.01297 
 2454759.744181 14.47109 0.01304 
 2454759.754351 14.48038 0.01307 
 2454759.764506 14.48502 0.01293 
 2454759.774678 14.48233 0.01274 
 2454759.784841 14.48973 0.01258 
 2454759.795004 14.47639 0.01293 
 2454760.629436 14.49599 0.01436 
 2454760.644214 14.48180 0.01386 
 2454760.656620 14.48889 0.01269 
 2454760.669029 14.48710 0.01255 
 2454760.701584 14.49304 0.01188 
 2454760.711667 14.47130 0.01755 
 2454760.724088 14.49366 0.00864 
 2454760.756652 14.47758 0.01113 
 2454760.769073 14.48917 0.01102 
 2454760.781492 14.47611 0.01153 
 2454760.793908 14.48897 0.01166 
 2454777.589746 14.46136 0.01878 
 2454777.599300 14.48580 0.01753 
 2454777.608853 14.49845 0.01668 
 2454777.618412 14.46819 0.01615 
 2454777.627973 14.48122 0.01588 
 2454777.637534 14.48979 0.01542 
 2454777.644842 14.50232 0.01520 
 2454777.659467 14.46685 0.01496 
 2454777.666784 14.47942 0.01443 
 2454777.676567 14.47556 0.01419 
 2454777.684101 14.48785 0.01397 
 2454777.691640 14.48560 0.01417 
 2454777.699168 14.48871 0.01372 
 2454777.708951 14.48815 0.01364 
 2454777.718721 14.46570 0.01345 
 2454777.728506 14.50578 0.01342 
 2454777.738288 14.47717 0.01320 
 2454777.748073 14.47714 0.01309 
 2454778.580113 14.48489 0.02197 
 2454778.587289 14.48252 0.02024 
 2454778.592233 14.47635 0.02067 
 2454778.597175 14.47194 0.02033 
 2454778.602127 14.48993 0.01842 
 2454778.607067 14.49409 0.01787 
 2454778.612012 14.51305 0.01699 
 2454778.616945 14.48150 0.01704 
 2454778.621879 14.50626 0.01655 
 2454778.626834 14.48023 0.01636 
 2454778.631786 14.48947 0.01616 
 2454778.636735 14.48908 0.01556 
 2454778.641675 14.47517 0.01590 
 2454778.646617 14.47978 0.01589 
 2454778.651543 14.48716 0.01539 
 2454778.656496 14.49581 0.01537 
 2454778.661452 14.45774 0.01529 
 2454778.668640 14.47857 0.01498 
 2454778.673179 14.49621 0.01508 
 2454778.677713 14.49672 0.01486 
 2454778.682250 14.49098 0.01450 
 2454778.686783 14.48987 0.01470 
 2454778.691323 14.49707 0.01452 
 2454778.695861 14.49529 0.01425 
 2454778.700391 14.50203 0.01432 
 2454778.704933 14.48676 0.01442 
 2454778.709478 14.46479 0.01443 
 2454778.714018 14.48456 0.01435 
 2454778.718567 14.48171 0.01427 
 2454778.723098 14.49695 0.01416 
 2454778.727648 14.48620 0.01411 
 2454778.732184 14.48559 0.01407 
 2454778.736716 14.48357 0.01398 
 2454778.743644 14.50154 0.01408 
 2454779.586397 14.46843 0.02243 
 2454779.591347 14.46927 0.02142 
 2454786.570626 14.47181 0.01340 
 2454786.582588 14.48637 0.01226 
 2454786.594538 14.49718 0.01211 
 2454786.606494 14.48819 0.01173 
 2454786.616197 14.46833 0.01299 
 2454786.625909 14.50067 0.01500 
 2454786.635621 14.48628 0.01549 
 2454786.645346 14.49253 0.01771 
 2454786.655048 14.50221 0.01675 
 2454786.662602 14.48079 0.01629 
 2454786.670157 14.49160 0.01700 
 2454786.679974 14.48063 0.01649 
 2454786.689777 14.48513 0.01720 
 2454786.699584 14.48280 0.01671 
 2454786.709392 14.50061 0.01584 
 2454786.719184 14.47891 0.01603 
 2454787.569920 14.48796 0.01468 
 2454787.581895 14.48312 0.01357 
 2454787.593852 14.48772 0.01312 
 2454787.605823 14.49352 0.01278 
 2454787.615530 14.48663 0.01227 
 2454787.625238 14.49809 0.01166 
 2454787.634956 14.49553 0.01220 
 2454787.646931 14.49114 0.01121 
 2454787.656640 14.47023 0.01134 
 2454787.666363 14.49536 0.01188 
 2454787.678320 14.46902 0.01260 
 2454787.690270 14.49241 0.01330 
 2454787.702225 14.47854 0.01340 
 2454787.714179 14.47305 0.01384 
 2454788.570048 14.49410 0.01341 
 2454788.582021 14.49167 0.01257 
 2454788.593986 14.47234 0.01267 
 2454788.605938 14.49396 0.01192 
 2454788.615655 14.48382 0.01151 
 2454788.625369 14.46566 0.01095 
 2454788.635070 14.49895 0.01135 
 2454788.647022 14.51617 0.01110 
 2454788.656743 14.48801 0.01067 
 2454788.666468 14.47278 0.01071 
 2454788.678431 14.49106 0.01066 
 2454788.690385 14.49645 0.01058 
 2454788.702338 14.49094 0.01045 
 2454788.714295 14.48417 0.01085 
 2454789.569654 14.47764 0.01305 
 2454789.593561 14.48357 0.01196 
 2454789.605522 14.47447 0.01144 
 2454789.615233 14.47953 0.01143 
 2454789.624937 14.48890 0.01108 
 2454789.646616 14.49009 0.01069 
 2454789.656321 14.47646 0.01055 
 2454789.666042 14.48153 0.01039 
 2454789.677998 14.49444 0.01004 
 2454789.689964 14.48643 0.01029 
 2454789.701924 14.49527 0.00997 
 2454789.713889 14.49169 0.01000 
 2454790.566421 14.48238 0.01341 
 2454790.578374 14.48446 0.01181 
 2454790.590332 14.47707 0.01196 
 2454790.602276 14.48893 0.01143 
 2454790.611985 14.48144 0.01145 
 2454790.621684 14.48863 0.01114 
 2454790.631385 14.48837 0.01184 
 2454790.643340 14.49831 0.01118 
 2454790.653039 14.47836 0.01123 
 2454790.662750 14.48337 0.01155 
 2454790.674706 14.47585 0.01133 
 2454790.686660 14.49234 0.01102 
 2454790.698613 14.48653 0.01114 
 2454790.710556 14.48530 0.01090 
 2454791.567033 14.49054 0.01281 
 2454791.578995 14.49347 0.01285 
 2454791.590948 14.48734 0.01224 
 2454791.600651 14.49183 0.01157 
 2454791.610365 14.48523 0.01145 
 2454791.620057 14.48351 0.01110 
 2454791.639488 14.48980 0.01101 
 2454791.649185 14.50128 0.01034 
 2454791.658880 14.48660 0.01153 
 2454791.670833 14.48748 0.01197 
 2454791.682785 14.48794 0.01078 
 2454791.694743 14.47792 0.01076 
 2454791.706701 14.49090 0.01077 
 2454792.577918 14.49172 0.01228 
 2454792.589882 14.50641 0.01349 
 2454792.599604 14.48700 0.01290 
 2454792.609310 14.47720 0.01300 
 2454792.619001 14.48400 0.01148 
 2454792.669821 14.48097 0.01249 
 2454793.631500 14.47800 0.01232 
 2454793.641239 14.48209 0.01093 
 2454794.565551 14.48069 0.01295 
 2454794.577491 14.47910 0.01367 
 2454794.589443 14.49020 0.01337 
 2454794.599172 14.48365 0.01180 
 2454794.608865 14.48424 0.01151 
 2454794.618581 14.48650 0.01230 
 2454794.630538 14.47707 0.01140 
 2454794.640239 14.50146 0.01142 
 2454794.649935 14.48705 0.01110 
 2454794.661895 14.48833 0.01127 
 2454794.673854 14.48982 0.01070 
 2454794.685812 14.49182 0.01071 
 2454794.697772 14.48598 0.01067 
