\INPUT_FILE = /exodata/ETSS-prep/KELT/doN02/raw/KELT_N02_lc_013798_V01_west_tfa.dat
\INPUT_TYPE = "RAW"
\START_DATE = "Fri Oct 27, 07:06:26 2006"               
\STOP_DATE = "Mon Nov 24, 09:34:38 2008"               
\fixlen = T
\NUMRECORDS = 594      
\
\ This file was produced by the NASA Exoplanet Archive  http://exoplanetarchive.ipac.caltech.edu 
\ Thu Feb 25, 17:04:55 2016
\ Documentation for the KELT Survey dataset can be found at http://exoplanetarchive.ipac.caltech.edu/docs/KELT.html
\
|          TIME|     MAG|MAG_ERR|
|          real|    real|   real|
|             d|     mag|    mag|
|          null|    null|   null|
 2454035.796138 13.29901 0.00523 
 2454035.801601 13.29220 0.00491 
 2454036.792748 13.30827 0.00507 
 2454036.798212 13.29081 0.00481 
 2454036.803677 13.31710 0.00439 
 2454037.790288 13.27949 0.00507 
 2454037.795751 13.28394 0.00469 
 2454037.801215 13.31278 0.00459 
 2454038.786837 13.30255 0.00487 
 2454038.792301 13.28840 0.00472 
 2454040.782391 13.29072 0.00635 
 2454048.758326 13.30727 0.00649 
 2454048.769051 13.28435 0.00587 
 2454048.774412 13.29707 0.00573 
 2454048.779774 13.29542 0.00603 
 2454050.753257 13.30270 0.00585 
 2454050.758623 13.28311 0.00563 
 2454050.763985 13.29805 0.00527 
 2454050.769353 13.28878 0.00546 
 2454052.749244 13.29539 0.00543 
 2454052.754611 13.30445 0.00483 
 2454052.759974 13.29564 0.00505 
 2454052.765340 13.30682 0.00481 
 2454053.747612 13.29904 0.00522 
 2454053.758345 13.30042 0.00493 
 2454053.763714 13.28241 0.00490 
 2454053.769083 13.29468 0.00473 
 2454054.744176 13.29625 0.00516 
 2454054.754916 13.30313 0.00467 
 2454054.760287 13.28481 0.00465 
 2454054.765656 13.29760 0.00479 
 2454055.738458 13.29240 0.00513 
 2454055.749196 13.30622 0.00472 
 2454055.754566 13.29384 0.00475 
 2454055.759929 13.30760 0.00478 
 2454055.765298 13.29298 0.00473 
 2454056.739140 13.30159 0.00558 
 2454056.744508 13.29553 0.00476 
 2454056.749872 13.28527 0.00501 
 2454056.755241 13.30904 0.00501 
 2454056.760609 13.27618 0.00492 
 2454057.734189 13.29775 0.00534 
 2454057.744929 13.29774 0.00509 
 2454057.750291 13.28499 0.00506 
 2454057.755659 13.31265 0.00503 
 2454057.761029 13.28310 0.00524 
 2454058.733748 13.29162 0.00510 
 2454058.744484 13.29296 0.00516 
 2454058.749848 13.29738 0.00481 
 2454058.755216 13.29967 0.00506 
 2454059.730258 13.28955 0.00521 
 2454059.735624 13.31656 0.00471 
 2454059.740993 13.30322 0.00493 
 2454059.746355 13.30860 0.00487 
 2454059.751725 13.30147 0.00504 
 2454060.728783 13.30486 0.00509 
 2454060.739524 13.30319 0.00479 
 2454060.744893 13.29195 0.00479 
 2454060.750255 13.31146 0.00464 
 2454061.722118 13.29740 0.00503 
 2454061.727488 13.28985 0.00479 
 2454061.732857 13.30256 0.00479 
 2454061.738226 13.28459 0.00475 
 2454061.743597 13.30798 0.00451 
 2454066.711492 13.31777 0.00557 
 2454077.691249 13.29959 0.00616 
 2454077.701990 13.31241 0.00600 
 2454079.672519 13.30055 0.00465 
 2454079.677036 13.31351 0.00459 
 2454079.681552 13.30946 0.00463 
 2454079.686077 13.30677 0.00462 
 2454079.695114 13.31804 0.00465 
 2454079.702584 13.30167 0.00478 
 2454079.707953 13.29220 0.00485 
 2454079.718682 13.30530 0.00488 
 2454079.724050 13.29238 0.00501 
 2454079.759937 13.29091 0.00436 
 2454080.671458 13.29451 0.00518 
 2454080.682195 13.27962 0.00474 
 2454080.687562 13.30151 0.00482 
 2454080.692929 13.28687 0.00482 
 2454081.673345 13.28187 0.00479 
 2454081.678713 13.30030 0.00500 
 2454081.684082 13.29327 0.00488 
 2454081.689451 13.30071 0.00467 
 2454083.674103 13.29688 0.00559 
 2454083.679473 13.30151 0.00492 
 2454083.684834 13.29841 0.00522 
 2454093.643970 13.29769 0.00493 
 2454093.649544 13.29741 0.00458 
 2454093.655121 13.29412 0.00484 
 2454094.651041 13.28419 0.00499 
 2454107.602977 13.30684 0.00466 
 2454107.608549 13.29534 0.00471 
 2454107.614119 13.27935 0.00464 
 2454108.598930 13.29917 0.00477 
 2454108.604493 13.28972 0.00471 
 2454108.610056 13.30271 0.00446 
 2454362.907062 13.30524 0.00470 
 2454362.912605 13.29825 0.00472 
 2454363.903042 13.30495 0.00445 
 2454363.908597 13.29608 0.00470 
 2454378.861883 13.29600 0.00405 
 2454381.853588 13.29997 0.00464 
 2454381.859134 13.30287 0.00469 
 2454382.851098 13.29839 0.00474 
 2454384.845291 13.29407 0.00475 
 2454384.850843 13.29021 0.00479 
 2454385.843495 13.29624 0.00454 
 2454386.840028 13.29034 0.00474 
 2454386.845578 13.29280 0.00471 
 2454388.832463 13.29772 0.00462 
 2454389.829958 13.28011 0.00486 
 2454391.825905 13.29650 0.00481 
 2454392.820761 13.29363 0.00471 
 2454393.819097 13.31024 0.00456 
 2454395.810092 13.29715 0.00597 
 2454395.815647 13.29397 0.00566 
 2454404.790024 13.30480 0.00528 
 2454405.785689 13.29355 0.00461 
 2454405.791241 13.31252 0.00604 
 2454407.783322 13.30049 0.00472 
 2454408.779689 13.29435 0.00470 
 2454408.785242 13.29309 0.00483 
 2454409.778091 13.30336 0.00469 
 2454412.768413 13.29640 0.00473 
 2454412.773964 13.28968 0.00465 
 2454413.766817 13.30715 0.00466 
 2454414.764021 13.30164 0.00478 
 2454414.769574 13.29291 0.00564 
 2454416.757388 13.31460 0.00436 
 2454416.762754 13.30537 0.00434 
 2454416.768115 13.28645 0.00460 
 2454437.700178 13.29395 0.00461 
 2454438.697134 13.30124 0.00483 
 2454439.693856 13.28825 0.00464 
 2454439.699267 13.29920 0.00460 
 2454447.672188 13.29365 0.00468 
 2454447.677597 13.29002 0.00464 
 2454448.666253 13.31330 0.00457 
 2454448.671703 13.29481 0.00479 
 2454448.677119 13.29098 0.00463 
 2454449.666915 13.30265 0.00457 
 2454450.664386 13.29130 0.00470 
 2454460.640304 13.30516 0.00588 
 2454461.630294 13.29057 0.00480 
 2454461.635650 13.29052 0.00492 
 2454461.641009 13.29879 0.00489 
 2454462.631829 13.29733 0.00469 
 2454462.637189 13.29014 0.00475 
 2454463.627305 13.30707 0.00454 
 2454463.632664 13.30497 0.00446 
 2454464.622717 13.31521 0.00464 
 2454464.628076 13.28565 0.00479 
 2454464.633437 13.30011 0.00463 
 2454465.623549 13.31378 0.00466 
 2454465.628908 13.30132 0.00467 
 2454731.906846 13.29883 0.00514 
 2454731.913903 13.30035 0.00499 
 2454731.920953 13.30147 0.00459 
 2454731.928018 13.30453 0.00459 
 2454731.935075 13.31142 0.00489 
 2454731.942128 13.30494 0.00499 
 2454731.949184 13.30114 0.00490 
 2454731.956232 13.31033 0.00497 
 2454731.960957 13.28557 0.00516 
 2454731.965660 13.29368 0.00522 
 2454731.970378 13.29543 0.00531 
 2454731.991444 13.28441 0.00498 
 2454731.993643 13.29214 0.00510 
 2454731.995831 13.28505 0.00508 
 2454731.998037 13.30708 0.00485 
 2454732.000225 13.30151 0.00497 
 2454732.002434 13.30074 0.00513 
 2454732.004629 13.29833 0.00514 
 2454732.006828 13.30207 0.00534 
 2454732.009028 13.29672 0.00576 
 2454732.011219 13.30249 0.00634 
 2454732.013426 13.29747 0.00731 
 2454732.911568 13.29401 0.00466 
 2454732.918624 13.30107 0.00436 
 2454732.925683 13.31166 0.00446 
 2454732.932736 13.30949 0.00470 
 2454732.939785 13.29907 0.00473 
 2454732.946843 13.30668 0.00460 
 2454732.953893 13.29592 0.00473 
 2454732.958605 13.30315 0.00479 
 2454732.963321 13.30090 0.00492 
 2454732.968038 13.28439 0.00493 
 2454732.989102 13.29387 0.00464 
 2454732.991292 13.28816 0.00461 
 2454732.993501 13.29346 0.00462 
 2454732.995701 13.29670 0.00477 
 2454732.997901 13.30636 0.00477 
 2454733.000096 13.30864 0.00479 
 2454733.002288 13.30052 0.00472 
 2454733.004495 13.30619 0.00480 
 2454733.006681 13.30260 0.00501 
 2454733.008892 13.29698 0.00534 
 2454733.011090 13.31021 0.00580 
 2454733.013279 13.30500 0.00662 
 2454733.901125 13.28873 0.00441 
 2454733.911292 13.29901 0.00460 
 2454733.921461 13.29428 0.00440 
 2454733.975612 13.29705 0.00427 
 2454733.987543 13.30064 0.00424 
 2454733.992276 13.29728 0.00455 
 2454733.997003 13.30185 0.00454 
 2454734.001726 13.29081 0.00456 
 2454734.006453 13.30405 0.00487 
 2454734.011183 13.29489 0.00561 
 2454734.905837 13.29786 0.00452 
 2454734.918267 13.29418 0.00467 
 2454734.930691 13.30153 0.00462 
 2454734.943120 13.29834 0.00467 
 2454734.960785 13.29093 0.00443 
 2454734.976174 13.30051 0.00430 
 2454735.007888 13.29397 0.00513 
 2454737.895504 13.28990 0.00446 
 2454737.907936 13.29555 0.00434 
 2454737.920366 13.29409 0.00449 
 2454737.932813 13.29865 0.00437 
 2454737.945293 13.29788 0.00434 
 2454737.975308 13.30098 0.00429 
 2454737.985491 13.29419 0.00456 
 2454737.995667 13.30322 0.00441 
 2454738.005848 13.29792 0.00441 
 2454738.016019 13.29740 0.00724 
 2454738.895219 13.30205 0.00430 
 2454738.907643 13.29796 0.00421 
 2454738.920061 13.30115 0.00440 
 2454738.932473 13.29212 0.00426 
 2454738.972448 13.29225 0.00395 
 2454738.982609 13.29826 0.00432 
 2454738.992772 13.29037 0.00413 
 2454739.002951 13.29068 0.00423 
 2454739.015405 13.29792 0.00638 
 2454739.891311 13.29285 0.00438 
 2454739.903730 13.29774 0.00427 
 2454739.916144 13.30680 0.00365 
 2454739.928556 13.28833 0.00439 
 2454739.941012 13.29534 0.00430 
 2454739.991322 13.28577 0.00413 
 2454740.001486 13.29461 0.00401 
 2454741.887485 13.29147 0.00460 
 2454741.899906 13.29585 0.00453 
 2454741.912318 13.30034 0.00457 
 2454741.924734 13.28793 0.00472 
 2454741.934719 13.30880 0.00451 
 2454741.964697 13.29238 0.00447 
 2454741.974875 13.29590 0.00471 
 2454741.985039 13.29653 0.00432 
 2454741.995205 13.30352 0.00409 
 2454742.007665 13.30533 0.00440 
 2454742.897478 13.30227 0.00437 
 2454742.909906 13.29436 0.00430 
 2454742.922331 13.29010 0.00396 
 2454742.972515 13.30226 0.00439 
 2454742.982695 13.29273 0.00417 
 2454742.992869 13.28812 0.00410 
 2454743.005360 13.30756 0.00406 
 2454743.015363 13.29084 0.00521 
 2454743.880195 13.30815 0.00544 
 2454743.892611 13.29199 0.00449 
 2454743.905025 13.29692 0.00388 
 2454743.929876 13.29463 0.00455 
 2454743.980153 13.29622 0.00464 
 2454743.990306 13.29101 0.00451 
 2454744.002750 13.30190 0.00406 
 2454744.012736 13.29314 0.00460 
 2454745.873877 13.30067 0.00426 
 2454745.886296 13.29343 0.00420 
 2454745.898707 13.30233 0.00449 
 2454745.911117 13.30265 0.00452 
 2454745.923577 13.29659 0.00441 
 2454745.973874 13.29153 0.00487 
 2454745.984047 13.30250 0.00477 
 2454745.996517 13.30147 0.00475 
 2454746.006531 13.30393 0.00441 
 2454746.016512 13.29602 0.00586 
 2454746.873787 13.29505 0.00480 
 2454746.886196 13.30168 0.00453 
 2454746.898609 13.29526 0.00452 
 2454746.911015 13.29534 0.00472 
 2454746.961114 13.30221 0.00475 
 2454746.971263 13.30477 0.00470 
 2454746.981423 13.29798 0.00511 
 2454746.993882 13.30881 0.00498 
 2454747.003869 13.29772 0.00469 
 2454747.013857 13.29004 0.00529 
 2454747.870728 13.29481 0.00470 
 2454747.883144 13.30265 0.00458 
 2454747.895556 13.29984 0.00473 
 2454747.907964 13.30394 0.00454 
 2454747.917946 13.30020 0.00460 
 2454747.968236 13.29908 0.00463 
 2454747.978394 13.30369 0.00487 
 2454747.990849 13.29959 0.00498 
 2454748.000857 13.29747 0.00488 
 2454748.010841 13.29965 0.00509 
 2454748.868068 13.28791 0.00432 
 2454748.880441 13.29722 0.00431 
 2454748.892818 13.30049 0.00458 
 2454748.905191 13.29731 0.00452 
 2454748.915150 13.30325 0.00455 
 2454748.935061 13.29233 0.00475 
 2454748.965290 13.30088 0.00448 
 2454748.975422 13.29856 0.00465 
 2454748.987838 13.30130 0.00466 
 2454748.997800 13.29441 0.00459 
 2454749.007759 13.30352 0.00437 
 2454749.017711 13.29832 0.00551 
 2454749.865403 13.30380 0.00482 
 2454749.877826 13.30603 0.00450 
 2454749.890245 13.29143 0.00480 
 2454749.902658 13.29667 0.00445 
 2454749.942627 13.29769 0.00465 
 2454749.952799 13.30288 0.00462 
 2454749.962973 13.29531 0.00442 
 2454749.973141 13.29629 0.00464 
 2454749.985609 13.29895 0.00464 
 2454749.995604 13.31538 0.00641 
 2454750.005593 13.29336 0.00833 
 2454750.015579 13.30788 0.00503 
 2454758.836382 13.29341 0.00643 
 2454758.843551 13.29650 0.00632 
 2454758.850719 13.29440 0.00596 
 2454758.857884 13.29879 0.00619 
 2454758.865044 13.30285 0.00622 
 2454758.872204 13.29925 0.00621 
 2454758.879351 13.29720 0.00637 
 2454758.886418 13.30167 0.00631 
 2454758.891146 13.29260 0.00625 
 2454758.900600 13.28775 0.00612 
 2454758.921705 13.29359 0.00529 
 2454758.923912 13.29902 0.00546 
 2454758.926115 13.30864 0.00579 
 2454758.928322 13.29724 0.00600 
 2454758.930522 13.30975 0.00618 
 2454758.932724 13.30183 0.00627 
 2454758.934932 13.30031 0.00628 
 2454758.937137 13.29938 0.00617 
 2454758.939342 13.30314 0.00602 
 2454758.941543 13.30977 0.00594 
 2454758.943748 13.29657 0.00583 
 2454758.945947 13.29820 0.00577 
 2454758.948150 13.30292 0.00568 
 2454758.950352 13.29833 0.00557 
 2454758.952555 13.30296 0.00537 
 2454758.954760 13.29289 0.00555 
 2454758.959855 13.29376 0.00620 
 2454759.832185 13.29848 0.00560 
 2454759.839255 13.29582 0.00484 
 2454759.846312 13.30032 0.00473 
 2454759.853369 13.29264 0.00523 
 2454759.860426 13.29386 0.00538 
 2454759.867484 13.29160 0.00527 
 2454759.874542 13.30184 0.00512 
 2454759.881601 13.29606 0.00494 
 2454759.886312 13.29437 0.00511 
 2454759.891041 13.29446 0.00501 
 2454759.916829 13.28871 0.00544 
 2454759.919023 13.29879 0.00548 
 2454759.921230 13.30171 0.00547 
 2454759.923419 13.30020 0.00547 
 2454759.925629 13.30333 0.00543 
 2454759.927830 13.29693 0.00533 
 2454759.930021 13.29654 0.00527 
 2454759.932232 13.29534 0.00537 
 2454759.934423 13.30258 0.00560 
 2454759.936633 13.30430 0.00556 
 2454759.938835 13.29461 0.00551 
 2454759.941028 13.28784 0.00550 
 2454759.943238 13.30028 0.00559 
 2454759.945426 13.29793 0.00562 
 2454759.947637 13.30321 0.00561 
 2454759.949841 13.30156 0.00576 
 2454759.952034 13.30502 0.00572 
 2454759.954240 13.29755 0.00566 
 2454759.956432 13.30529 0.00554 
 2454759.958643 13.28907 0.00556 
 2454759.960845 13.30872 0.00545 
 2454759.963038 13.30204 0.00546 
 2454759.965246 13.30233 0.00536 
 2454759.967438 13.29447 0.00542 
 2454759.969649 13.30620 0.00530 
 2454759.971850 13.29143 0.00522 
 2454759.974047 13.30548 0.00519 
 2454759.976255 13.28480 0.00514 
 2454759.978445 13.28912 0.00530 
 2454759.980655 13.29838 0.00563 
 2454759.982856 13.29035 0.00594 
 2454760.828970 13.28780 0.00481 
 2454760.839132 13.30322 0.00554 
 2454760.849290 13.29666 0.00528 
 2454760.859454 13.29840 0.00521 
 2454760.869619 13.30957 0.00531 
 2454760.879783 13.30458 0.00532 
 2454760.912836 13.30305 0.00523 
 2454760.917559 13.30207 0.00500 
 2454760.922284 13.29428 0.00474 
 2454760.927010 13.29440 0.00496 
 2454760.931731 13.29777 0.00546 
 2454760.936452 13.30541 0.00530 
 2454760.941168 13.29586 0.00511 
 2454760.945885 13.29314 0.00473 
 2454760.950601 13.30925 0.00507 
 2454777.788205 13.29208 0.00514 
 2454777.800129 13.29179 0.00479 
 2454777.812060 13.30386 0.00489 
 2454777.823994 13.29696 0.00486 
 2454777.845588 13.29680 0.00500 
 2454777.894135 13.28356 0.00489 
 2454777.903926 13.29028 0.00508 
 2454777.915896 13.29641 0.00502 
 2454777.935102 13.28681 0.00463 
 2454777.944695 13.30184 0.00489 
 2454778.778065 13.30209 0.00590 
 2454778.785702 13.29402 0.00591 
 2454778.793361 13.29992 0.00639 
 2454778.808645 13.29876 0.00564 
 2454778.826093 13.29737 0.00592 
 2454778.840931 13.29711 0.00568 
 2454778.848354 13.30487 0.00557 
 2454778.863188 13.29661 0.00578 
 2454779.776836 13.29574 0.00598 
 2454786.759329 13.29768 0.00650 
 2454786.766112 13.29862 0.00579 
 2454786.772896 13.29668 0.00558 
 2454786.779694 13.28885 0.00570 
 2454786.786478 13.29575 0.00584 
 2454786.793271 13.28770 0.00591 
 2454786.800061 13.29187 0.00600 
 2454786.806870 13.29460 0.00627 
 2454786.811415 13.30363 0.00657 
 2454786.815957 13.29245 0.00677 
 2454786.820506 13.29489 0.00676 
 2454786.825049 13.29897 0.00666 
 2454786.829579 13.30511 0.00651 
 2454786.834127 13.29650 0.00656 
 2454786.838672 13.30395 0.00695 
 2454786.843210 13.29108 0.00640 
 2454786.845312 13.29792 0.00622 
 2454786.847428 13.30694 0.00622 
 2454786.849541 13.30090 0.00618 
 2454786.851651 13.29462 0.00609 
 2454786.853764 13.30072 0.00644 
 2454786.855874 13.30268 0.00645 
 2454786.857990 13.30056 0.00649 
 2454786.860099 13.30908 0.00652 
 2454786.862208 13.30650 0.00659 
 2454786.864316 13.29370 0.00649 
 2454786.866432 13.29726 0.00643 
 2454786.868542 13.28657 0.00646 
 2454786.870655 13.29317 0.00642 
 2454786.872766 13.29740 0.00644 
 2454786.874879 13.28562 0.00646 
 2454786.876989 13.29810 0.00642 
 2454786.879104 13.28928 0.00643 
 2454786.881219 13.29036 0.00652 
 2454786.883335 13.30561 0.00670 
 2454786.885442 13.28744 0.00659 
 2454786.887552 13.29022 0.00676 
 2454786.889662 13.29744 0.00668 
 2454786.891777 13.29166 0.00680 
 2454786.893885 13.28933 0.00676 
 2454786.895990 13.28410 0.00668 
 2454786.898099 13.29155 0.00679 
 2454786.900212 13.29729 0.00682 
 2454786.902326 13.28982 0.00677 
 2454786.904441 13.29422 0.00663 
 2454786.906551 13.28710 0.00661 
 2454786.908661 13.29005 0.00666 
 2454786.910772 13.29469 0.00658 
 2454786.912882 13.30360 0.00657 
 2454786.917097 13.28025 0.00681 
 2454786.919207 13.30630 0.00664 
 2454787.755338 13.29941 0.00493 
 2454787.765136 13.29230 0.00588 
 2454787.774938 13.29723 0.00528 
 2454787.784756 13.29586 0.00546 
 2454787.804375 13.29302 0.00551 
 2454787.808917 13.29729 0.00560 
 2454787.813453 13.30110 0.00536 
 2454787.817993 13.29791 0.00578 
 2454787.822534 13.29479 0.00593 
 2454787.831623 13.29947 0.00592 
 2454787.843094 13.29681 0.00545 
 2454787.847629 13.30015 0.00522 
 2454787.852169 13.29531 0.00547 
 2454787.856716 13.30721 0.00568 
 2454787.861253 13.30297 0.00567 
 2454787.865793 13.29568 0.00558 
 2454787.870330 13.30365 0.00542 
 2454787.874870 13.28906 0.00530 
 2454787.879407 13.30330 0.00572 
 2454787.883956 13.29011 0.00573 
 2454787.888496 13.28990 0.00577 
 2454787.893043 13.29946 0.00567 
 2454787.897576 13.30409 0.00563 
 2454787.902121 13.29837 0.00568 
 2454787.906661 13.30399 0.00583 
 2454787.911205 13.28222 0.00598 
 2454787.915743 13.30764 0.00616 
 2454788.755449 13.30455 0.00503 
 2454788.765250 13.29754 0.00513 
 2454788.775055 13.30032 0.00504 
 2454788.794654 13.29882 0.00502 
 2454788.808996 13.29763 0.00541 
 2454788.813538 13.30116 0.00553 
 2454788.818070 13.30047 0.00538 
 2454788.822608 13.29929 0.00547 
 2454788.827150 13.29850 0.00554 
 2454788.836222 13.29426 0.00524 
 2454788.840762 13.29653 0.00508 
 2454788.845304 13.29940 0.00501 
 2454788.849853 13.29752 0.00515 
 2454788.854385 13.29985 0.00543 
 2454788.858931 13.30352 0.00545 
 2454788.863468 13.29733 0.00536 
 2454788.868010 13.29768 0.00518 
 2454788.872553 13.30746 0.00509 
 2454788.877099 13.30265 0.00507 
 2454788.881637 13.30000 0.00537 
 2454788.886181 13.29805 0.00539 
 2454788.890723 13.30142 0.00535 
 2454788.895264 13.29284 0.00530 
 2454788.899818 13.29946 0.00534 
 2454788.904360 13.31087 0.00541 
 2454788.908895 13.29571 0.00533 
 2454788.913430 13.29140 0.00532 
 2454789.754110 13.29629 0.00430 
 2454789.766079 13.29210 0.00460 
 2454789.778041 13.30434 0.00475 
 2454789.789988 13.29633 0.00471 
 2454789.801956 13.29543 0.00476 
 2454789.809373 13.28738 0.00490 
 2454789.831644 13.29177 0.00525 
 2454789.846950 13.29313 0.00516 
 2454789.854585 13.29850 0.00513 
 2454789.862234 13.29253 0.00553 
 2454789.869881 13.29736 0.00519 
 2454789.877527 13.29354 0.00525 
 2454789.882064 13.29809 0.00522 
 2454789.886602 13.30438 0.00510 
 2454789.891142 13.29115 0.00506 
 2454789.895680 13.29460 0.00525 
 2454789.900219 13.29944 0.00531 
 2454789.904765 13.30269 0.00525 
 2454789.911685 13.30086 0.00511 
 2454790.750743 13.29639 0.00440 
 2454790.762704 13.29945 0.00491 
 2454790.798579 13.29886 0.00495 
 2454790.835882 13.29221 0.00475 
 2454790.858813 13.30221 0.00519 
 2454790.866473 13.30286 0.00503 
 2454790.874105 13.29423 0.00493 
 2454790.878635 13.29079 0.00489 
 2454790.883177 13.29715 0.00476 
 2454790.887715 13.30230 0.00463 
 2454790.892253 13.29744 0.00466 
 2454790.896789 13.30055 0.00516 
 2454790.901313 13.29731 0.00485 
 2454790.908235 13.28748 0.00484 
 2454791.749116 13.29645 0.00446 
 2454791.761086 13.30129 0.00452 
 2454791.773037 13.29843 0.00447 
 2454791.784978 13.30181 0.00455 
 2454791.828055 13.29581 0.00491 
 2454791.847657 13.29322 0.00459 
 2454791.874688 13.30496 0.00484 
 2454791.882096 13.29886 0.00471 
 2454791.889512 13.30563 0.00543 
 2454791.896929 13.29535 0.00503 
 2454791.904346 13.30006 0.00498 
 2454792.757885 13.30122 0.00467 
 2454792.769829 13.28339 0.00372 
 2454792.781785 13.29327 0.00435 
 2454792.875863 13.29818 0.00538 
 2454792.885475 13.29382 0.00508 
 2454792.904719 13.28321 0.00413 
 2454793.777071 13.30166 0.00442 
 2454794.740211 13.29561 0.00434 
 2454794.752176 13.30160 0.00467 
 2454794.764138 13.30004 0.00461 
 2454794.776090 13.30106 0.00454 
 2454794.790295 13.30187 0.00433 
 2454794.809543 13.30509 0.00479 
 2454794.828960 13.29713 0.00451 
 2454794.838759 13.28970 0.00453 
 2454794.860584 13.30788 0.00522 
 2454794.870191 13.29732 0.00437 
 2454794.889436 13.29677 0.00471 
 2454794.899059 13.29680 0.00415 
