\INPUT_FILE = /exodata/ETSS-prep/KELT/doN02/raw/KELT_N02_lc_001381_V01_west_tfa.dat
\INPUT_TYPE = "RAW"
\START_DATE = "Fri Oct 27, 07:06:26 2006"               
\STOP_DATE = "Mon Nov 24, 09:34:38 2008"               
\fixlen = T
\NUMRECORDS = 601      
\
\ This file was produced by the NASA Exoplanet Archive  http://exoplanetarchive.ipac.caltech.edu 
\ Thu Feb 25, 17:11:22 2016
\ Documentation for the KELT Survey dataset can be found at http://exoplanetarchive.ipac.caltech.edu/docs/KELT.html
\
|          TIME|     MAG|MAG_ERR|
|          real|    real|   real|
|             d|     mag|    mag|
|          null|    null|   null|
 2454035.796138 14.71747 0.01432 
 2454035.796138 14.71942 0.01432 
 2454035.796138 14.72036 0.01432 
 2454035.796138 14.72082 0.01432 
 2454035.801601 14.72397 0.01299 
 2454036.792748 14.71604 0.01434 
 2454036.798212 14.73152 0.01291 
 2454036.803677 14.72835 0.01209 
 2454037.790288 14.73307 0.01327 
 2454037.795751 14.73404 0.01217 
 2454037.801215 14.72854 0.01186 
 2454038.786837 14.71489 0.01329 
 2454038.792301 14.69427 0.01243 
 2454038.797767 14.72758 0.01268 
 2454039.786156 14.71577 0.01586 
 2454040.782391 14.69443 0.01912 
 2454048.758326 14.73649 0.01980 
 2454048.769051 14.71871 0.01730 
 2454048.774412 14.70149 0.01688 
 2454048.779774 14.73801 0.01780 
 2454050.753257 14.71565 0.01697 
 2454050.758623 14.70200 0.01581 
 2454050.763985 14.71963 0.01487 
 2454050.769353 14.71863 0.01518 
 2454052.749244 14.71077 0.01579 
 2454052.754611 14.70929 0.01375 
 2454052.759974 14.70184 0.01405 
 2454052.765340 14.70801 0.01336 
 2454052.770701 14.70068 0.01344 
 2454053.747612 14.73336 0.01383 
 2454053.758345 14.69303 0.01290 
 2454053.763714 14.72816 0.01262 
 2454053.769083 14.73751 0.01235 
 2454054.744176 14.70737 0.01378 
 2454054.754916 14.71304 0.01206 
 2454054.765656 14.70214 0.01243 
 2454055.738458 14.72161 0.01350 
 2454055.749196 14.69613 0.01220 
 2454055.754566 14.74645 0.01202 
 2454055.759929 14.69406 0.01247 
 2454055.765298 14.74281 0.01194 
 2454056.739140 14.71122 0.01547 
 2454056.744508 14.71902 0.01238 
 2454056.749872 14.73161 0.01315 
 2454056.755241 14.69655 0.01326 
 2454056.760609 14.72314 0.01282 
 2454057.734189 14.72053 0.01480 
 2454057.744929 14.70692 0.01396 
 2454057.755659 14.68685 0.01359 
 2454057.761029 14.71117 0.01415 
 2454058.733748 14.69072 0.01368 
 2454058.744484 14.70278 0.01389 
 2454058.749848 14.70341 0.01264 
 2454058.755216 14.72026 0.01353 
 2454059.730258 14.73649 0.01385 
 2454059.735624 14.73515 0.01233 
 2454059.740993 14.71257 0.01303 
 2454059.746355 14.69731 0.01289 
 2454059.751725 14.71610 0.01339 
 2454060.728783 14.70602 0.01393 
 2454060.739524 14.70876 0.01269 
 2454060.744893 14.73114 0.01242 
 2454060.750255 14.71035 0.01209 
 2454061.722118 14.72708 0.01365 
 2454061.727488 14.71944 0.01257 
 2454061.732857 14.71186 0.01267 
 2454061.738226 14.72746 0.01227 
 2454061.743597 14.71794 0.01166 
 2454066.711492 14.72134 0.01584 
 2454077.691249 14.70246 0.01843 
 2454077.696620 14.71918 0.01866 
 2454077.701990 14.70195 0.01788 
 2454079.672519 14.73996 0.01191 
 2454079.677036 14.73444 0.01175 
 2454079.681552 14.73372 0.01189 
 2454079.686077 14.72146 0.01189 
 2454079.690600 14.71009 0.01203 
 2454079.695114 14.72068 0.01197 
 2454079.702584 14.69490 0.01265 
 2454079.707953 14.71726 0.01270 
 2454079.713321 14.71259 0.01188 
 2454079.718682 14.70778 0.01301 
 2454079.724050 14.70073 0.01345 
 2454079.759937 14.70316 0.01246 
 2454079.768968 14.70658 0.02738 
 2454080.671458 14.70529 0.01413 
 2454080.682195 14.70270 0.01216 
 2454080.687562 14.69337 0.01266 
 2454080.692929 14.71514 0.01267 
 2454081.673345 14.71751 0.01235 
 2454081.678713 14.70214 0.01333 
 2454081.684082 14.73032 0.01273 
 2454081.689451 14.71944 0.01217 
 2454083.674103 14.69283 0.01714 
 2454083.679473 14.70429 0.01363 
 2454083.684834 14.71180 0.01451 
 2454093.643970 14.72225 0.01331 
 2454093.649544 14.72730 0.01209 
 2454093.655121 14.71582 0.01292 
 2454094.651041 14.72628 0.01359 
 2454107.602977 14.73327 0.01207 
 2454107.608549 14.72430 0.01224 
 2454107.614119 14.72208 0.01182 
 2454108.598930 14.71529 0.01257 
 2454108.604493 14.70590 0.01242 
 2454108.610056 14.70759 0.01153 
 2454362.907062 14.70673 0.01242 
 2454362.912605 14.72460 0.01246 
 2454363.903042 14.71853 0.01155 
 2454363.908597 14.71132 0.01240 
 2454381.853588 14.70200 0.01232 
 2454381.859134 14.71997 0.01236 
 2454382.851098 14.72335 0.01269 
 2454384.845291 14.71206 0.01254 
 2454384.850843 14.69626 0.01276 
 2454385.843495 14.71133 0.01180 
 2454386.840028 14.72059 0.01252 
 2454386.845578 14.70638 0.01237 
 2454388.832463 14.72099 0.01211 
 2454389.829958 14.71054 0.01287 
 2454391.825905 14.70685 0.01277 
 2454392.820761 14.71758 0.01233 
 2454393.819097 14.68182 0.01214 
 2454395.810092 14.69966 0.01800 
 2454395.815647 14.68981 0.01640 
 2454404.790024 14.71986 0.01507 
 2454405.785689 14.69003 0.01345 
 2454405.791241 14.68963 0.01831 
 2454407.783322 14.72131 0.01257 
 2454408.779689 14.72663 0.01273 
 2454408.785242 14.68490 0.01318 
 2454409.778091 14.72271 0.01251 
 2454412.768413 14.71635 0.01261 
 2454412.773964 14.71695 0.01226 
 2454413.766817 14.71511 0.01210 
 2454414.764021 14.73548 0.01272 
 2454414.769574 14.71372 0.01515 
 2454416.757388 14.71354 0.01121 
 2454416.762754 14.72250 0.01099 
 2454416.768115 14.71857 0.01180 
 2454437.700178 14.70214 0.01148 
 2454438.697134 14.70251 0.01272 
 2454439.693856 14.70236 0.01198 
 2454439.699267 14.70990 0.01173 
 2454447.672188 14.71151 0.01205 
 2454447.677597 14.71822 0.01185 
 2454448.666253 14.72782 0.01196 
 2454448.671703 14.69841 0.01253 
 2454448.677119 14.70799 0.01209 
 2454449.666915 14.72506 0.01177 
 2454450.664386 14.71759 0.01211 
 2454460.634944 14.72539 0.01690 
 2454460.640304 14.67472 0.01733 
 2454461.630294 14.70829 0.01276 
 2454461.635650 14.68484 0.01320 
 2454461.641009 14.71221 0.01313 
 2454462.631829 14.70643 0.01265 
 2454462.637189 14.71872 0.01270 
 2454463.627305 14.71828 0.01187 
 2454463.632664 14.70760 0.01193 
 2454464.622717 14.72708 0.01228 
 2454464.628076 14.71470 0.01243 
 2454464.633437 14.72393 0.01199 
 2454465.623549 14.72334 0.01213 
 2454465.628908 14.70134 0.01220 
 2454731.906846 14.71278 0.01459 
 2454731.913903 14.72035 0.01407 
 2454731.920953 14.69504 0.01258 
 2454731.928018 14.72451 0.01264 
 2454731.935075 14.71990 0.01361 
 2454731.942128 14.73178 0.01397 
 2454731.949184 14.70845 0.01380 
 2454731.956232 14.72868 0.01401 
 2454731.960957 14.72668 0.01480 
 2454731.965660 14.71919 0.01520 
 2454731.970378 14.70673 0.01540 
 2454731.991444 14.70367 0.01419 
 2454731.993643 14.70033 0.01459 
 2454731.995831 14.70629 0.01446 
 2454731.998037 14.70962 0.01373 
 2454732.000225 14.71134 0.01408 
 2454732.002434 14.71726 0.01475 
 2454732.004629 14.72674 0.01483 
 2454732.006828 14.72152 0.01575 
 2454732.009028 14.70029 0.01743 
 2454732.011219 14.71495 0.01976 
 2454732.013426 14.71996 0.02355 
 2454732.911568 14.68954 0.01264 
 2454732.918624 14.69304 0.01163 
 2454732.925683 14.70587 0.01202 
 2454732.932736 14.71828 0.01275 
 2454732.939785 14.71576 0.01299 
 2454732.946843 14.71866 0.01261 
 2454732.953893 14.69431 0.01312 
 2454732.958605 14.71672 0.01350 
 2454732.963321 14.71224 0.01403 
 2454732.968038 14.71645 0.01408 
 2454732.989102 14.71010 0.01280 
 2454732.991292 14.70202 0.01270 
 2454732.993501 14.69261 0.01269 
 2454732.995701 14.71212 0.01313 
 2454732.997901 14.71963 0.01323 
 2454733.000096 14.70955 0.01342 
 2454733.002288 14.70922 0.01322 
 2454733.004495 14.71551 0.01351 
 2454733.006681 14.70009 0.01432 
 2454733.008892 14.70713 0.01563 
 2454733.011090 14.70639 0.01764 
 2454733.013279 14.72797 0.02105 
 2454733.901125 14.71872 0.01164 
 2454733.911292 14.71817 0.01238 
 2454733.921461 14.71299 0.01172 
 2454733.975612 14.69291 0.01154 
 2454733.987543 14.71876 0.01128 
 2454733.992276 14.72481 0.01222 
 2454733.997003 14.74133 0.01223 
 2454734.001726 14.70917 0.01242 
 2454734.006453 14.69438 0.01360 
 2454734.011183 14.71921 0.01677 
 2454734.905837 14.71015 0.01220 
 2454734.918267 14.71191 0.01274 
 2454734.930691 14.72312 0.01287 
 2454734.943120 14.70273 0.01295 
 2454734.960785 14.70805 0.01207 
 2454734.976174 14.71743 0.01167 
 2454735.007888 14.69786 0.01499 
 2454737.895504 14.70321 0.01195 
 2454737.907936 14.71877 0.01146 
 2454737.920366 14.72075 0.01203 
 2454737.932813 14.70683 0.01167 
 2454737.945293 14.73302 0.01150 
 2454737.975308 14.70562 0.01153 
 2454737.985491 14.71481 0.01241 
 2454737.995667 14.69952 0.01208 
 2454738.005848 14.70534 0.01214 
 2454738.016019 14.70484 0.02397 
 2454738.895219 14.70311 0.01143 
 2454738.907643 14.72457 0.01102 
 2454738.920061 14.69811 0.01188 
 2454738.932473 14.70058 0.01125 
 2454738.972448 14.71431 0.01031 
 2454738.982609 14.71632 0.01169 
 2454738.992772 14.70884 0.01094 
 2454739.002951 14.71908 0.01129 
 2454739.015405 14.73435 0.02044 
 2454739.891311 14.71675 0.01170 
 2454739.903730 14.69136 0.01136 
 2454739.916144 14.72368 0.01010 
 2454739.928556 14.71822 0.01169 
 2454739.941012 14.70150 0.01160 
 2454739.991322 14.69839 0.01123 
 2454740.001486 14.70534 0.01101 
 2454741.887485 14.69172 0.01274 
 2454741.899906 14.71245 0.01241 
 2454741.912318 14.71103 0.01260 
 2454741.924734 14.70379 0.01318 
 2454741.934719 14.70881 0.01261 
 2454741.964697 14.70513 0.01246 
 2454741.974875 14.69570 0.01332 
 2454741.985039 14.71641 0.01193 
 2454741.995205 14.72593 0.01115 
 2454742.007665 14.72225 0.01241 
 2454742.897478 14.71279 0.01188 
 2454742.909906 14.69707 0.01163 
 2454742.922331 14.71454 0.01084 
 2454742.972515 14.68992 0.01206 
 2454742.982695 14.70091 0.01109 
 2454742.992869 14.71745 0.01083 
 2454743.005360 14.71320 0.01104 
 2454743.015363 14.70184 0.01555 
 2454743.892611 14.71288 0.01194 
 2454743.905025 14.69343 0.01053 
 2454743.929876 14.70156 0.01234 
 2454743.980153 14.72064 0.01277 
 2454743.990306 14.70355 0.01221 
 2454744.002750 14.71327 0.01071 
 2454744.012736 14.71626 0.01267 
 2454745.873877 14.71874 0.01117 
 2454745.886296 14.70353 0.01090 
 2454745.898707 14.70798 0.01203 
 2454745.911117 14.72264 0.01223 
 2454745.923577 14.71086 0.01169 
 2454745.973874 14.71759 0.01353 
 2454745.984047 14.72260 0.01351 
 2454745.996517 14.71795 0.01318 
 2454746.006531 14.73897 0.01215 
 2454746.016512 14.71677 0.01788 
 2454746.873787 14.71334 0.01304 
 2454746.886196 14.71094 0.01236 
 2454746.898609 14.72515 0.01219 
 2454746.911015 14.70173 0.01291 
 2454746.961114 14.71663 0.01347 
 2454746.971263 14.71306 0.01308 
 2454746.981423 14.69325 0.01483 
 2454746.993882 14.70203 0.01424 
 2454747.003869 14.70895 0.01325 
 2454747.013857 14.68365 0.01554 
 2454747.870728 14.71858 0.01278 
 2454747.883144 14.72934 0.01222 
 2454747.895556 14.72229 0.01291 
 2454747.907964 14.71351 0.01221 
 2454747.917946 14.72707 0.01241 
 2454747.968236 14.71990 0.01264 
 2454747.978394 14.70750 0.01369 
 2454747.990849 14.71788 0.01414 
 2454748.000857 14.70161 0.01391 
 2454748.010841 14.71797 0.01481 
 2454748.868068 14.69994 0.01141 
 2454748.880441 14.72313 0.01157 
 2454748.892818 14.70067 0.01243 
 2454748.905191 14.71199 0.01233 
 2454748.915150 14.71305 0.01247 
 2454748.935061 14.70856 0.01337 
 2454748.965290 14.70450 0.01226 
 2454748.975422 14.70881 0.01303 
 2454748.987838 14.70927 0.01300 
 2454748.997800 14.71836 0.01278 
 2454749.007759 14.70190 0.01227 
 2454749.017711 14.73002 0.01678 
 2454749.865403 14.71885 0.01366 
 2454749.877826 14.71040 0.01226 
 2454749.890245 14.72373 0.01328 
 2454749.902658 14.72039 0.01213 
 2454749.942627 14.69913 0.01294 
 2454749.952799 14.71985 0.01298 
 2454749.962973 14.70988 0.01201 
 2454749.973141 14.71137 0.01317 
 2454749.985609 14.72414 0.01304 
 2454749.995604 14.68116 0.01957 
 2454750.005593 14.72335 0.02556 
 2454750.015579 14.71117 0.01550 
 2454758.836382 14.70675 0.02012 
 2454758.843551 14.69165 0.01964 
 2454758.850719 14.70042 0.01783 
 2454758.857884 14.72274 0.01919 
 2454758.865044 14.72431 0.01935 
 2454758.872204 14.70856 0.01927 
 2454758.879351 14.68831 0.01996 
 2454758.886418 14.69670 0.01942 
 2454758.891146 14.70195 0.01917 
 2454758.900600 14.71987 0.01918 
 2454758.921705 14.70384 0.01581 
 2454758.923912 14.69963 0.01643 
 2454758.926115 14.69833 0.01764 
 2454758.928322 14.71854 0.01832 
 2454758.930522 14.70611 0.01897 
 2454758.932724 14.69790 0.01937 
 2454758.934932 14.72701 0.01936 
 2454758.937137 14.70411 0.01907 
 2454758.939342 14.71155 0.01849 
 2454758.941543 14.72133 0.01825 
 2454758.943748 14.71875 0.01781 
 2454758.945947 14.71729 0.01760 
 2454758.948150 14.70995 0.01735 
 2454758.950352 14.71120 0.01690 
 2454758.952555 14.72790 0.01631 
 2454758.954760 14.73606 0.01683 
 2454758.959855 14.70814 0.01962 
 2454759.832185 14.71097 0.01622 
 2454759.839255 14.70719 0.01334 
 2454759.846312 14.70537 0.01304 
 2454759.853369 14.69205 0.01461 
 2454759.860426 14.72843 0.01524 
 2454759.867484 14.69428 0.01498 
 2454759.874542 14.70768 0.01435 
 2454759.881601 14.70067 0.01374 
 2454759.886312 14.71947 0.01453 
 2454759.891041 14.70205 0.01402 
 2454759.916829 14.70354 0.01568 
 2454759.919023 14.70830 0.01584 
 2454759.921230 14.69853 0.01580 
 2454759.923419 14.72477 0.01567 
 2454759.925629 14.69560 0.01550 
 2454759.927830 14.71214 0.01511 
 2454759.930021 14.69912 0.01484 
 2454759.932232 14.71027 0.01518 
 2454759.934423 14.70170 0.01612 
 2454759.936633 14.71466 0.01601 
 2454759.938835 14.71557 0.01593 
 2454759.941028 14.70985 0.01604 
 2454759.943238 14.73559 0.01652 
 2454759.945426 14.70794 0.01656 
 2454759.947637 14.71367 0.01662 
 2454759.949841 14.70345 0.01714 
 2454759.952034 14.70026 0.01695 
 2454759.954240 14.69739 0.01664 
 2454759.956432 14.70017 0.01619 
 2454759.958643 14.72390 0.01611 
 2454759.960845 14.69761 0.01576 
 2454759.963038 14.69254 0.01576 
 2454759.965246 14.72513 0.01549 
 2454759.967438 14.69740 0.01609 
 2454759.969649 14.70736 0.01591 
 2454759.971850 14.73836 0.01561 
 2454759.974047 14.70588 0.01563 
 2454759.976255 14.68650 0.01537 
 2454759.978445 14.70672 0.01576 
 2454759.980655 14.70277 0.01693 
 2454759.982856 14.71036 0.01788 
 2454760.828970 14.71331 0.01315 
 2454760.839132 14.70815 0.01626 
 2454760.849290 14.72028 0.01504 
 2454760.859454 14.71727 0.01456 
 2454760.869619 14.71286 0.01526 
 2454760.879783 14.72852 0.01523 
 2454760.912836 14.70192 0.01486 
 2454760.917559 14.69538 0.01410 
 2454760.922284 14.72580 0.01316 
 2454760.927010 14.72061 0.01378 
 2454760.931731 14.72124 0.01550 
 2454760.936452 14.71227 0.01520 
 2454760.941168 14.72672 0.01440 
 2454760.945885 14.72394 0.01317 
 2454760.950601 14.71423 0.01449 
 2454777.788205 14.71817 0.01427 
 2454777.800129 14.71752 0.01294 
 2454777.812060 14.72004 0.01363 
 2454777.823994 14.72565 0.01309 
 2454777.845588 14.72545 0.01372 
 2454777.894135 14.71954 0.01348 
 2454777.903926 14.71890 0.01422 
 2454777.915896 14.71545 0.01389 
 2454777.935102 14.70394 0.01265 
 2454777.944695 14.69871 0.01373 
 2454778.778065 14.71873 0.01765 
 2454778.785702 14.70575 0.01750 
 2454778.793361 14.71366 0.01971 
 2454778.808645 14.71837 0.01683 
 2454778.826093 14.73839 0.01786 
 2454778.840931 14.70645 0.01704 
 2454778.848354 14.71094 0.01657 
 2454778.863188 14.72122 0.01699 
 2454779.776836 14.71913 0.01777 
 2454786.759329 14.73543 0.02042 
 2454786.766112 14.72400 0.01722 
 2454786.772896 14.70306 0.01667 
 2454786.779694 14.72282 0.01727 
 2454786.786478 14.70889 0.01790 
 2454786.793271 14.70788 0.01818 
 2454786.800061 14.71003 0.01845 
 2454786.806870 14.70268 0.01942 
 2454786.811415 14.70171 0.02045 
 2454786.815957 14.71413 0.02110 
 2454786.820506 14.71558 0.02109 
 2454786.825049 14.70162 0.02084 
 2454786.829579 14.69256 0.02035 
 2454786.834127 14.68901 0.02053 
 2454786.838672 14.71601 0.02197 
 2454786.843210 14.74247 0.01993 
 2454786.845312 14.70680 0.01929 
 2454786.847428 14.69091 0.01933 
 2454786.849541 14.71227 0.01907 
 2454786.851651 14.73868 0.01872 
 2454786.853764 14.72636 0.01987 
 2454786.855874 14.69809 0.02008 
 2454786.857990 14.70756 0.02018 
 2454786.860099 14.72949 0.02031 
 2454786.862208 14.73559 0.02059 
 2454786.864316 14.70259 0.02036 
 2454786.866432 14.68742 0.02024 
 2454786.868542 14.71723 0.02027 
 2454786.870655 14.68452 0.02014 
 2454786.872766 14.72782 0.02024 
 2454786.874879 14.71343 0.02027 
 2454786.876989 14.70331 0.02015 
 2454786.879104 14.70791 0.02018 
 2454786.881219 14.72644 0.02019 
 2454786.883335 14.70510 0.02076 
 2454786.885442 14.68915 0.02056 
 2454786.887552 14.69481 0.02117 
 2454786.889662 14.69210 0.02108 
 2454786.891777 14.68853 0.02147 
 2454786.893885 14.72982 0.02138 
 2454786.895990 14.72714 0.02117 
 2454786.898099 14.68832 0.02173 
 2454786.900212 14.70258 0.02190 
 2454786.902326 14.72420 0.02158 
 2454786.904441 14.68939 0.02125 
 2454786.906551 14.71729 0.02093 
 2454786.908661 14.69613 0.02092 
 2454786.910772 14.69575 0.02042 
 2454786.912882 14.70508 0.02042 
 2454786.917097 14.69359 0.02139 
 2454786.919207 14.69793 0.02105 
 2454787.755338 14.72268 0.01382 
 2454787.765136 14.72115 0.01772 
 2454787.774938 14.71917 0.01521 
 2454787.784756 14.73275 0.01615 
 2454787.804375 14.69908 0.01636 
 2454787.808917 14.70346 0.01626 
 2454787.813453 14.73338 0.01516 
 2454787.817993 14.70727 0.01725 
 2454787.822534 14.71805 0.01797 
 2454787.831623 14.71869 0.01764 
 2454787.843094 14.72828 0.01587 
 2454787.847629 14.70576 0.01510 
 2454787.852169 14.70790 0.01571 
 2454787.856716 14.72218 0.01660 
 2454787.861253 14.73461 0.01661 
 2454787.865793 14.71978 0.01643 
 2454787.870330 14.73249 0.01601 
 2454787.874870 14.70338 0.01569 
 2454787.879407 14.69551 0.01691 
 2454787.883956 14.71560 0.01712 
 2454787.888496 14.69537 0.01745 
 2454787.893043 14.71446 0.01723 
 2454787.897576 14.71517 0.01713 
 2454787.902121 14.71995 0.01707 
 2454787.906661 14.71068 0.01768 
 2454787.911205 14.71744 0.01814 
 2454787.915743 14.71700 0.01885 
 2454788.755449 14.72990 0.01405 
 2454788.765250 14.72282 0.01452 
 2454788.775055 14.71866 0.01430 
 2454788.794654 14.70769 0.01408 
 2454788.808996 14.72493 0.01556 
 2454788.813538 14.71865 0.01614 
 2454788.818070 14.70617 0.01544 
 2454788.822608 14.70494 0.01596 
 2454788.827150 14.69993 0.01605 
 2454788.836222 14.71449 0.01473 
 2454788.840762 14.72369 0.01434 
 2454788.845304 14.70020 0.01413 
 2454788.849853 14.70294 0.01458 
 2454788.854385 14.71222 0.01579 
 2454788.858931 14.74093 0.01549 
 2454788.863468 14.72353 0.01509 
 2454788.868010 14.69194 0.01458 
 2454788.872553 14.72079 0.01449 
 2454788.877099 14.72153 0.01431 
 2454788.881637 14.69488 0.01504 
 2454788.886181 14.72772 0.01544 
 2454788.890723 14.71008 0.01555 
 2454788.895264 14.70068 0.01551 
 2454788.899818 14.71557 0.01544 
 2454788.904360 14.69731 0.01541 
 2454788.908895 14.70534 0.01525 
 2454788.913430 14.70598 0.01550 
 2454789.754110 14.72563 0.01109 
 2454789.766079 14.70928 0.01224 
 2454789.778041 14.71256 0.01312 
 2454789.789988 14.72175 0.01295 
 2454789.801956 14.70330 0.01309 
 2454789.809373 14.71179 0.01380 
 2454789.831644 14.71352 0.01514 
 2454789.846950 14.71147 0.01468 
 2454789.854585 14.70633 0.01484 
 2454789.862234 14.71737 0.01597 
 2454789.869881 14.72487 0.01524 
 2454789.877527 14.71281 0.01536 
 2454789.882064 14.71759 0.01485 
 2454789.886602 14.71134 0.01458 
 2454789.891142 14.69629 0.01475 
 2454789.895680 14.70460 0.01500 
 2454789.900219 14.70723 0.01503 
 2454789.904765 14.69334 0.01536 
 2454789.911685 14.70908 0.01502 
 2454790.750743 14.72171 0.01181 
 2454790.762704 14.70499 0.01386 
 2454790.798579 14.69690 0.01396 
 2454790.835882 14.68974 0.01325 
 2454790.858813 14.70539 0.01473 
 2454790.866473 14.71103 0.01424 
 2454790.874105 14.72281 0.01364 
 2454790.878635 14.70994 0.01361 
 2454790.883177 14.71292 0.01301 
 2454790.887715 14.71128 0.01276 
 2454790.892253 14.70938 0.01286 
 2454790.896789 14.70595 0.01422 
 2454790.901313 14.69787 0.01370 
 2454790.908235 14.71349 0.01367 
 2454791.749116 14.71239 0.01193 
 2454791.761086 14.72692 0.01198 
 2454791.773037 14.71274 0.01225 
 2454791.784978 14.71989 0.01234 
 2454791.828055 14.72315 0.01377 
 2454791.847657 14.70611 0.01269 
 2454791.874688 14.70251 0.01360 
 2454791.882096 14.73313 0.01466 
 2454791.889512 14.69455 0.01762 
 2454791.896929 14.70515 0.01468 
 2454791.904346 14.69564 0.01452 
 2454792.757885 14.69968 0.01326 
 2454792.769829 14.71694 0.01036 
 2454792.781785 14.71422 0.01210 
 2454792.875863 14.68464 0.01555 
 2454792.885475 14.71520 0.01460 
 2454792.904719 14.68463 0.01192 
 2454793.777071 14.69930 0.01228 
 2454794.740211 14.71082 0.01141 
 2454794.752176 14.73178 0.01284 
 2454794.764138 14.71246 0.01272 
 2454794.776090 14.69179 0.01231 
 2454794.790295 14.72426 0.01145 
 2454794.809543 14.71276 0.01346 
 2454794.828960 14.71685 0.01228 
 2454794.838759 14.71503 0.01226 
 2454794.860584 14.70911 0.01563 
 2454794.870191 14.71752 0.01181 
 2454794.889436 14.71777 0.01315 
 2454794.899059 14.70226 0.01122 
