\INPUT_FILE = /exodata/ETSS-prep/KELT/doN02/raw/KELT_N02_lc_006234_V01_west_tfa.dat
\INPUT_TYPE = "RAW"
\START_DATE = "Fri Oct 27, 07:06:26 2006"               
\STOP_DATE = "Mon Nov 24, 09:20:47 2008"               
\fixlen = T
\NUMRECORDS = 591      
\
\ This file was produced by the NASA Exoplanet Archive  http://exoplanetarchive.ipac.caltech.edu 
\ Thu Feb 25, 17:02:41 2016
\ Documentation for the KELT Survey dataset can be found at http://exoplanetarchive.ipac.caltech.edu/docs/KELT.html
\
|          TIME|     MAG|MAG_ERR|
|          real|    real|   real|
|             d|     mag|    mag|
|          null|    null|   null|
 2454035.796138 14.75304 0.01137 
 2454035.796138 14.75235 0.01137 
 2454035.801601 14.73908 0.01112 
 2454036.792748 14.74718 0.01103 
 2454036.798212 14.76074 0.01122 
 2454036.803677 14.74488 0.01053 
 2454037.790288 14.72886 0.01077 
 2454037.795751 14.75278 0.01032 
 2454037.801215 14.74878 0.00971 
 2454038.792301 14.74460 0.00996 
 2454038.797767 14.75237 0.00986 
 2454039.786156 14.74872 0.01265 
 2454040.782391 14.75150 0.01492 
 2454048.758326 14.73500 0.01497 
 2454048.769051 14.76221 0.01355 
 2454048.774412 14.74384 0.01433 
 2454050.753257 14.75107 0.01316 
 2454050.763985 14.72592 0.01180 
 2454050.769353 14.73579 0.01159 
 2454052.749244 14.74338 0.01186 
 2454052.754611 14.73422 0.01088 
 2454052.759974 14.73462 0.01151 
 2454052.765340 14.75337 0.01008 
 2454052.770701 14.73737 0.01024 
 2454053.747612 14.74301 0.01003 
 2454053.758345 14.74667 0.00929 
 2454053.763714 14.75607 0.00965 
 2454053.769083 14.73455 0.00959 
 2454054.744176 14.73778 0.01062 
 2454054.754916 14.74082 0.01009 
 2454054.760287 14.74772 0.00970 
 2454054.765656 14.73510 0.00949 
 2454055.738458 14.73189 0.01065 
 2454055.749196 14.73929 0.01037 
 2454055.754566 14.74546 0.00949 
 2454055.759929 14.74121 0.00961 
 2454055.765298 14.74687 0.00954 
 2454056.739140 14.74751 0.01086 
 2454056.744508 14.74347 0.01071 
 2454056.749872 14.71947 0.01039 
 2454056.755241 14.74720 0.00987 
 2454056.760609 14.74094 0.01064 
 2454057.734189 14.76707 0.01135 
 2454057.744929 14.74183 0.01135 
 2454057.750291 14.74199 0.01039 
 2454057.755659 14.73286 0.01157 
 2454057.761029 14.75065 0.01053 
 2454058.733748 14.73929 0.01102 
 2454058.744484 14.72918 0.01078 
 2454058.749848 14.74501 0.00996 
 2454058.755216 14.73984 0.01043 
 2454059.730258 14.75067 0.01067 
 2454059.735624 14.74764 0.00961 
 2454059.740993 14.73549 0.01050 
 2454059.746355 14.75245 0.01018 
 2454059.751725 14.73982 0.00980 
 2454060.728783 14.73182 0.01047 
 2454060.739524 14.75559 0.00964 
 2454060.744893 14.73840 0.01006 
 2454060.750255 14.75397 0.00980 
 2454061.722118 14.74704 0.01071 
 2454061.727488 14.74500 0.00975 
 2454061.732857 14.74921 0.01002 
 2454061.738226 14.74687 0.00974 
 2454061.743597 14.75057 0.00945 
 2454066.711492 14.73890 0.01257 
 2454077.691249 14.74467 0.01423 
 2454077.696620 14.74123 0.01545 
 2454077.701990 14.76397 0.01378 
 2454079.672519 14.75723 0.01022 
 2454079.677036 14.74813 0.00992 
 2454079.681552 14.72911 0.01033 
 2454079.686077 14.73534 0.01028 
 2454079.690600 14.74939 0.01027 
 2454079.695114 14.74189 0.01020 
 2454079.702584 14.74334 0.00997 
 2454079.707953 14.73585 0.01029 
 2454079.713321 14.74548 0.01014 
 2454079.718682 14.73497 0.01044 
 2454079.724050 14.73511 0.01082 
 2454079.759937 14.74465 0.01010 
 2454079.768968 14.73586 0.00918 
 2454080.671458 14.72508 0.01057 
 2454080.682195 14.75961 0.00964 
 2454080.687562 14.73211 0.01043 
 2454080.692929 14.75160 0.00965 
 2454081.673345 14.72021 0.01045 
 2454081.678713 14.73158 0.00987 
 2454081.684082 14.74363 0.00993 
 2454081.689451 14.74831 0.00954 
 2454083.674103 14.73652 0.00854 
 2454083.679473 14.75036 0.01085 
 2454083.684834 14.74023 0.01148 
 2454093.643970 14.73882 0.01032 
 2454093.649544 14.73829 0.01022 
 2454093.655121 14.73670 0.01031 
 2454094.651041 14.75106 0.01084 
 2454107.602977 14.75157 0.00968 
 2454107.608549 14.76288 0.00929 
 2454107.614119 14.73497 0.00939 
 2454108.598930 14.74441 0.00952 
 2454108.604493 14.74859 0.00919 
 2454108.610056 14.74199 0.00968 
 2454362.907062 14.72852 0.01020 
 2454362.912605 14.73762 0.01012 
 2454363.903042 14.73464 0.00987 
 2454363.908597 14.74112 0.00980 
 2454378.861883 14.74018 0.00753 
 2454381.853588 14.74553 0.01004 
 2454381.859134 14.72782 0.01002 
 2454382.851098 14.75224 0.01044 
 2454384.845291 14.74796 0.01048 
 2454384.850843 14.75661 0.01024 
 2454385.843495 14.75646 0.00967 
 2454386.840028 14.73609 0.01035 
 2454386.845578 14.74060 0.01007 
 2454388.832463 14.74397 0.01006 
 2454389.829958 14.74758 0.01083 
 2454391.825905 14.74522 0.00969 
 2454392.820761 14.74922 0.00996 
 2454393.819097 14.75238 0.00985 
 2454395.810092 14.72703 0.01323 
 2454404.790024 14.75950 0.01239 
 2454405.785689 14.75476 0.01725 
 2454405.791241 14.75225 0.01512 
 2454407.783322 14.72972 0.01072 
 2454408.779689 14.74209 0.01110 
 2454408.785242 14.74784 0.01034 
 2454409.778091 14.74744 0.01085 
 2454412.768413 14.74789 0.00986 
 2454412.773964 14.74002 0.00998 
 2454413.766817 14.72884 0.01009 
 2454414.764021 14.73029 0.01098 
 2454414.769574 14.73099 0.01151 
 2454416.757388 14.72669 0.00953 
 2454416.762754 14.72611 0.00967 
 2454437.700178 14.76120 0.00935 
 2454438.697134 14.74723 0.00986 
 2454439.693856 14.76308 0.00929 
 2454439.699267 14.75760 0.00923 
 2454447.672188 14.74714 0.00909 
 2454447.677597 14.76241 0.00915 
 2454448.666253 14.74438 0.00996 
 2454448.671703 14.75264 0.00929 
 2454448.677119 14.74757 0.00998 
 2454449.666915 14.74860 0.00899 
 2454450.664386 14.75759 0.00986 
 2454460.634944 14.74499 0.01215 
 2454460.640304 14.74785 0.01283 
 2454461.630294 14.76456 0.01064 
 2454461.635650 14.73341 0.01036 
 2454461.641009 14.73019 0.01056 
 2454462.631829 14.74555 0.00889 
 2454462.637189 14.74266 0.00942 
 2454463.627305 14.74301 0.00915 
 2454463.632664 14.73820 0.01020 
 2454464.622717 14.73504 0.00972 
 2454464.628076 14.73258 0.00986 
 2454464.633437 14.76055 0.00960 
 2454465.623549 14.75709 0.01010 
 2454465.628908 14.73388 0.00971 
 2454731.906846 14.73761 0.01286 
 2454731.913903 14.74058 0.01233 
 2454731.920953 14.74136 0.01134 
 2454731.928018 14.73907 0.01157 
 2454731.935075 14.74554 0.01219 
 2454731.942128 14.72474 0.01230 
 2454731.949184 14.74706 0.01205 
 2454731.956232 14.75214 0.01248 
 2454731.960957 14.75099 0.01265 
 2454731.965660 14.73218 0.01290 
 2454731.970378 14.75283 0.01291 
 2454731.991444 14.73383 0.01247 
 2454731.993643 14.75351 0.01268 
 2454731.995831 14.75778 0.01244 
 2454731.998037 14.75202 0.01276 
 2454732.000225 14.75119 0.01307 
 2454732.002434 14.75141 0.01331 
 2454732.004629 14.75647 0.01352 
 2454732.006828 14.76415 0.01399 
 2454732.009028 14.74121 0.01490 
 2454732.011219 14.74767 0.01652 
 2454732.013426 14.75249 0.01896 
 2454732.911568 14.74706 0.01096 
 2454732.918624 14.74241 0.00997 
 2454732.925683 14.75441 0.01077 
 2454732.932736 14.75340 0.01121 
 2454732.939785 14.73504 0.01152 
 2454732.946843 14.72864 0.01134 
 2454732.953893 14.75418 0.01160 
 2454732.958605 14.76030 0.01127 
 2454732.963321 14.73891 0.01140 
 2454732.968038 14.73288 0.01158 
 2454732.989102 14.74924 0.01107 
 2454732.991292 14.73984 0.01158 
 2454732.993501 14.74227 0.01156 
 2454732.995701 14.74166 0.01176 
 2454732.997901 14.74016 0.01186 
 2454733.002288 14.74820 0.01204 
 2454733.004495 14.73823 0.01228 
 2454733.006681 14.74580 0.01275 
 2454733.008892 14.75209 0.01355 
 2454733.011090 14.75520 0.01522 
 2454733.013279 14.74981 0.01783 
 2454733.901125 14.72870 0.00962 
 2454733.911292 14.73869 0.01036 
 2454733.921461 14.73067 0.01000 
 2454733.975612 14.75544 0.01050 
 2454733.987543 14.74770 0.01014 
 2454733.992276 14.73320 0.01038 
 2454733.997003 14.74509 0.01002 
 2454734.001726 14.74615 0.01043 
 2454734.006453 14.74279 0.01143 
 2454734.011183 14.76606 0.01416 
 2454734.905837 14.73429 0.00972 
 2454734.918267 14.74223 0.01076 
 2454734.930691 14.73611 0.01087 
 2454734.943120 14.74199 0.01086 
 2454734.960785 14.73659 0.01046 
 2454734.976174 14.73639 0.00993 
 2454735.007888 14.74204 0.01268 
 2454737.907936 14.74026 0.00999 
 2454737.920366 14.73222 0.00989 
 2454737.932813 14.73657 0.00948 
 2454737.945293 14.73081 0.01007 
 2454737.975308 14.74168 0.01030 
 2454737.985491 14.73507 0.00951 
 2454737.995667 14.75092 0.01019 
 2454738.005848 14.74140 0.01128 
 2454738.016019 14.76495 0.01965 
 2454738.895219 14.73723 0.00938 
 2454738.907643 14.74428 0.00982 
 2454738.920061 14.73358 0.01001 
 2454738.932473 14.74020 0.00889 
 2454738.972448 14.74334 0.00889 
 2454738.982609 14.74406 0.00906 
 2454738.992772 14.75073 0.00921 
 2454739.002951 14.74909 0.01016 
 2454739.015405 14.75320 0.01631 
 2454739.891311 14.73755 0.01005 
 2454739.903730 14.74026 0.00977 
 2454739.916144 14.73679 0.01048 
 2454739.928556 14.74197 0.00916 
 2454739.941012 14.73584 0.00911 
 2454740.001486 14.74607 0.00918 
 2454741.899906 14.72730 0.01055 
 2454741.912318 14.73435 0.01080 
 2454741.924734 14.73415 0.01034 
 2454741.934719 14.74851 0.00996 
 2454741.964697 14.73490 0.00964 
 2454741.974875 14.74758 0.00997 
 2454741.985039 14.74192 0.00960 
 2454741.995205 14.75137 0.00938 
 2454742.007665 14.73802 0.01080 
 2454742.897478 14.74772 0.00999 
 2454742.909906 14.74862 0.00955 
 2454742.922331 14.73084 0.00910 
 2454742.972515 14.74460 0.00953 
 2454742.982695 14.74743 0.00883 
 2454742.992869 14.73424 0.00886 
 2454743.005360 14.75855 0.01009 
 2454743.015363 14.73793 0.01213 
 2454743.880195 14.73489 0.01157 
 2454743.892611 14.73409 0.00926 
 2454743.905025 14.73171 0.00854 
 2454743.929876 14.74696 0.00938 
 2454743.980153 14.74171 0.00977 
 2454743.990306 14.73844 0.00958 
 2454744.002750 14.75566 0.00986 
 2454744.012736 14.74739 0.01094 
 2454745.873877 14.74087 0.01016 
 2454745.886296 14.73260 0.00995 
 2454745.898707 14.75302 0.01034 
 2454745.911117 14.74246 0.01056 
 2454745.923577 14.74512 0.01010 
 2454745.973874 14.73499 0.01105 
 2454745.984047 14.73786 0.01041 
 2454745.996517 14.75547 0.01009 
 2454746.006531 14.73451 0.01013 
 2454746.016512 14.73324 0.01389 
 2454746.873787 14.73296 0.01079 
 2454746.886196 14.76852 0.01104 
 2454746.898609 14.73036 0.01043 
 2454746.911015 14.74655 0.01108 
 2454746.961114 14.75101 0.01097 
 2454746.971263 14.74130 0.01137 
 2454746.981423 14.74253 0.01138 
 2454746.993882 14.74572 0.01125 
 2454747.003869 14.74429 0.01020 
 2454747.013857 14.75278 0.01201 
 2454747.870728 14.74367 0.01019 
 2454747.883144 14.74561 0.01073 
 2454747.895556 14.75046 0.01047 
 2454747.907964 14.73528 0.01062 
 2454747.917946 14.75205 0.01075 
 2454747.968236 14.74624 0.01085 
 2454747.978394 14.74737 0.01071 
 2454747.990849 14.74595 0.01040 
 2454748.000857 14.75760 0.01110 
 2454748.010841 14.73432 0.01160 
 2454748.868068 14.71887 0.00992 
 2454748.880441 14.75000 0.01063 
 2454748.892818 14.74462 0.01049 
 2454748.905191 14.75003 0.01103 
 2454748.915150 14.75298 0.01080 
 2454748.935061 14.75559 0.01002 
 2454748.965290 14.74323 0.01090 
 2454748.975422 14.73881 0.01043 
 2454748.987838 14.74926 0.00979 
 2454748.997800 14.75559 0.01006 
 2454749.007759 14.74813 0.01031 
 2454749.017711 14.75160 0.01314 
 2454749.865403 14.74064 0.01191 
 2454749.877826 14.74358 0.01135 
 2454749.890245 14.76130 0.01153 
 2454749.902658 14.74131 0.01114 
 2454749.942627 14.75153 0.01080 
 2454749.952799 14.73924 0.01052 
 2454749.962973 14.73336 0.01060 
 2454749.973141 14.75616 0.01026 
 2454749.985609 14.74937 0.01069 
 2454749.995604 14.72902 0.02012 
 2454750.005593 14.74328 0.01042 
 2454750.015579 14.75275 0.01057 
 2454758.836382 14.75492 0.01660 
 2454758.843551 14.75414 0.01392 
 2454758.850719 14.73684 0.01400 
 2454758.857884 14.74848 0.01492 
 2454758.865044 14.75767 0.01498 
 2454758.872204 14.74288 0.01508 
 2454758.879351 14.75566 0.01494 
 2454758.886418 14.73807 0.01333 
 2454758.891146 14.75078 0.01347 
 2454758.900600 14.73839 0.01545 
 2454758.921705 14.73966 0.01433 
 2454758.923912 14.73979 0.01426 
 2454758.926115 14.74440 0.01390 
 2454758.928322 14.75616 0.01399 
 2454758.930522 14.75706 0.01396 
 2454758.932724 14.74104 0.01438 
 2454758.934932 14.75152 0.01533 
 2454758.937137 14.74185 0.01662 
 2454758.939342 14.74013 0.01634 
 2454758.941543 14.74504 0.01624 
 2454758.943748 14.73848 0.01628 
 2454758.945947 14.74362 0.01626 
 2454758.948150 14.72946 0.01574 
 2454758.950352 14.75503 0.01557 
 2454758.952555 14.74083 0.01531 
 2454758.954760 14.74665 0.01525 
 2454758.959855 14.75092 0.01724 
 2454759.832185 14.73154 0.01315 
 2454759.839255 14.74312 0.01185 
 2454759.846312 14.74379 0.01279 
 2454759.853369 14.74230 0.01311 
 2454759.860426 14.73206 0.01223 
 2454759.867484 14.74886 0.01216 
 2454759.874542 14.72626 0.01238 
 2454759.881601 14.74760 0.01245 
 2454759.886312 14.75208 0.01333 
 2454759.891041 14.73378 0.01272 
 2454759.916829 14.74657 0.01277 
 2454759.919023 14.73689 0.01322 
 2454759.921230 14.73910 0.01325 
 2454759.923419 14.75291 0.01244 
 2454759.925629 14.74503 0.01229 
 2454759.927830 14.74080 0.01230 
 2454759.930021 14.75011 0.01213 
 2454759.932232 14.75017 0.01212 
 2454759.934423 14.75213 0.01219 
 2454759.936633 14.73613 0.01241 
 2454759.938835 14.74455 0.01254 
 2454759.941028 14.74842 0.01299 
 2454759.943238 14.74556 0.01365 
 2454759.945426 14.72684 0.01392 
 2454759.947637 14.75494 0.01378 
 2454759.949841 14.75196 0.01369 
 2454759.952034 14.73459 0.01380 
 2454759.954240 14.73880 0.01343 
 2454759.956432 14.75461 0.01332 
 2454759.958643 14.73524 0.01323 
 2454759.960845 14.74446 0.01299 
 2454759.963038 14.74420 0.01302 
 2454759.965246 14.73604 0.01273 
 2454759.967438 14.75049 0.01308 
 2454759.969649 14.74415 0.01329 
 2454759.971850 14.74101 0.01448 
 2454759.974047 14.73971 0.01498 
 2454759.976255 14.74514 0.01474 
 2454759.978445 14.74026 0.01368 
 2454759.980655 14.75246 0.01275 
 2454759.982856 14.73960 0.01333 
 2454760.828970 14.73607 0.01251 
 2454760.839132 14.74557 0.01296 
 2454760.849290 14.75602 0.01266 
 2454760.859454 14.74794 0.01214 
 2454760.869619 14.72189 0.01296 
 2454760.879783 14.73518 0.01285 
 2454760.912836 14.73904 0.01190 
 2454760.917559 14.74352 0.01255 
 2454760.922284 14.73745 0.01277 
 2454760.927010 14.74006 0.01177 
 2454760.931731 14.75222 0.01139 
 2454760.936452 14.73781 0.01123 
 2454760.941168 14.74914 0.01211 
 2454760.945885 14.74825 0.01220 
 2454760.950601 14.73966 0.01249 
 2454777.788205 14.73813 0.01226 
 2454777.800129 14.74376 0.01252 
 2454777.812060 14.74941 0.01149 
 2454777.823994 14.75104 0.01125 
 2454777.845588 14.74110 0.01002 
 2454777.894135 14.73580 0.01118 
 2454777.903926 14.74024 0.01104 
 2454777.915896 14.75443 0.01036 
 2454777.935102 14.75438 0.01120 
 2454777.944695 14.75015 0.01038 
 2454778.778065 14.74471 0.01293 
 2454778.785702 14.74648 0.01432 
 2454778.793361 14.75393 0.01314 
 2454778.808645 14.75080 0.01454 
 2454778.826093 14.74100 0.01515 
 2454778.840931 14.75063 0.01359 
 2454778.848354 14.74581 0.01422 
 2454778.863188 14.75661 0.01298 
 2454779.776836 14.75978 0.01574 
 2454786.759329 14.73687 0.01609 
 2454786.766112 14.73326 0.01529 
 2454786.772896 14.72996 0.01657 
 2454786.779694 14.74250 0.01626 
 2454786.786478 14.73128 0.01482 
 2454786.793271 14.74196 0.01461 
 2454786.800061 14.74421 0.01478 
 2454786.806870 14.73779 0.01504 
 2454786.811415 14.73846 0.01494 
 2454786.815957 14.73554 0.01460 
 2454786.820506 14.74821 0.01452 
 2454786.825049 14.74745 0.01452 
 2454786.829579 14.75545 0.01483 
 2454786.834127 14.75047 0.01501 
 2454786.838672 14.75446 0.01553 
 2454786.843210 14.75162 0.01553 
 2454786.845312 14.74902 0.01543 
 2454786.847428 14.74885 0.01520 
 2454786.849541 14.73810 0.01519 
 2454786.851651 14.76951 0.01499 
 2454786.853764 14.73788 0.01527 
 2454786.855874 14.72838 0.01552 
 2454786.857990 14.74718 0.01514 
 2454786.860099 14.73654 0.01529 
 2454786.862208 14.74012 0.01554 
 2454786.864316 14.73664 0.01554 
 2454786.866432 14.73424 0.01577 
 2454786.868542 14.72841 0.01570 
 2454786.870655 14.74860 0.01590 
 2454786.872766 14.73398 0.01601 
 2454786.874879 14.74535 0.01595 
 2454786.876989 14.73920 0.01597 
 2454786.879104 14.74552 0.01587 
 2454786.881219 14.72743 0.01601 
 2454786.883335 14.74243 0.01607 
 2454786.885442 14.74184 0.01592 
 2454786.887552 14.75805 0.01605 
 2454786.889662 14.74492 0.01582 
 2454786.891777 14.75020 0.01599 
 2454786.893885 14.74862 0.01588 
 2454786.895990 14.75222 0.01616 
 2454786.898099 14.74185 0.01660 
 2454786.900212 14.74385 0.01657 
 2454786.902326 14.74025 0.01676 
 2454786.904441 14.73099 0.01683 
 2454786.906551 14.73961 0.01698 
 2454786.908661 14.75785 0.01698 
 2454786.910772 14.74603 0.01668 
 2454786.912882 14.72107 0.01682 
 2454786.917097 14.74842 0.01829 
 2454786.919207 14.74560 0.01730 
 2454787.755338 14.75998 0.01301 
 2454787.765136 14.73582 0.01272 
 2454787.774938 14.74250 0.01340 
 2454787.784756 14.74562 0.01322 
 2454787.804375 14.73266 0.01310 
 2454787.808917 14.72990 0.01314 
 2454787.813453 14.74619 0.01224 
 2454787.817993 14.75300 0.01224 
 2454787.822534 14.74937 0.01267 
 2454787.831623 14.74205 0.01385 
 2454787.843094 14.74224 0.01334 
 2454787.847629 14.73737 0.01303 
 2454787.852169 14.76122 0.01261 
 2454787.856716 14.76739 0.01265 
 2454787.861253 14.73810 0.01358 
 2454787.865793 14.74459 0.01370 
 2454787.870330 14.73832 0.01415 
 2454787.874870 14.74863 0.01375 
 2454787.879407 14.74743 0.01350 
 2454787.883956 14.73024 0.01344 
 2454787.888496 14.73859 0.01399 
 2454787.893043 14.75299 0.01441 
 2454787.897576 14.76275 0.01470 
 2454787.902121 14.74850 0.01442 
 2454787.906661 14.74362 0.01458 
 2454787.911205 14.75949 0.01421 
 2454787.915743 14.75129 0.01527 
 2454788.755449 14.73658 0.01176 
 2454788.765250 14.74299 0.01143 
 2454788.775055 14.74930 0.01255 
 2454788.794654 14.74800 0.01242 
 2454788.808996 14.73976 0.01246 
 2454788.813538 14.75389 0.01113 
 2454788.818070 14.74912 0.01126 
 2454788.822608 14.74783 0.01323 
 2454788.827150 14.72745 0.01259 
 2454788.836222 14.74594 0.01271 
 2454788.840762 14.74607 0.01280 
 2454788.845304 14.75847 0.01288 
 2454788.849853 14.73679 0.01166 
 2454788.854385 14.75244 0.01149 
 2454788.858931 14.73719 0.01186 
 2454788.863468 14.73662 0.01253 
 2454788.868010 14.73713 0.01260 
 2454788.872553 14.74666 0.01254 
 2454788.877099 14.75266 0.01239 
 2454788.881637 14.75085 0.01201 
 2454788.886181 14.73306 0.01187 
 2454788.890723 14.75107 0.01243 
 2454788.895264 14.74486 0.01287 
 2454788.899818 14.73448 0.01243 
 2454788.904360 14.75020 0.01306 
 2454788.908895 14.73890 0.01260 
 2454788.913430 14.73487 0.01312 
 2454789.754110 14.73963 0.01022 
 2454789.766079 14.74880 0.01008 
 2454789.778041 14.74401 0.01094 
 2454789.789988 14.74225 0.01132 
 2454789.801956 14.73894 0.01136 
 2454789.809373 14.74542 0.01096 
 2454789.831644 14.75285 0.01194 
 2454789.846950 14.74422 0.01250 
 2454789.854585 14.75330 0.01227 
 2454789.862234 14.75492 0.01227 
 2454789.869881 14.74379 0.01275 
 2454789.877527 14.74445 0.01225 
 2454789.882064 14.74591 0.01233 
 2454789.886602 14.73873 0.01247 
 2454789.891142 14.74743 0.01212 
 2454789.895680 14.74408 0.01290 
 2454789.900219 14.74031 0.01211 
 2454789.904765 14.74465 0.01187 
 2454789.911685 14.74764 0.01210 
 2454790.750743 14.73224 0.01111 
 2454790.762704 14.74659 0.01085 
 2454790.798579 14.76079 0.01098 
 2454790.835882 14.74515 0.01141 
 2454790.858813 14.75603 0.01181 
 2454790.866473 14.75409 0.01183 
 2454790.874105 14.73585 0.01127 
 2454790.878635 14.74694 0.01155 
 2454790.883177 14.74923 0.01115 
 2454790.887715 14.73683 0.01086 
 2454790.892253 14.74386 0.01128 
 2454790.896789 14.73924 0.01096 
 2454790.901313 14.74066 0.01080 
 2454790.908235 14.74341 0.01121 
 2454791.749116 14.73531 0.01061 
 2454791.761086 14.73512 0.01057 
 2454791.773037 14.75314 0.01098 
 2454791.784978 14.74326 0.01092 
 2454791.828055 14.73630 0.01058 
 2454791.847657 14.74040 0.01109 
 2454791.874688 14.75657 0.01122 
 2454791.896929 14.75962 0.01134 
 2454791.904346 14.74589 0.01115 
 2454792.757885 14.73457 0.01050 
 2454792.769829 14.76439 0.00909 
 2454792.781785 14.74669 0.00989 
 2454792.875863 14.72565 0.01138 
 2454792.885475 14.73977 0.01051 
 2454792.904719 14.74815 0.00849 
 2454793.777071 14.73701 0.01117 
 2454794.740211 14.73847 0.01057 
 2454794.752176 14.74670 0.00949 
 2454794.764138 14.75035 0.01012 
 2454794.776090 14.73970 0.01063 
 2454794.790295 14.75980 0.01029 
 2454794.809543 14.74758 0.01031 
 2454794.828960 14.74733 0.01021 
 2454794.838759 14.74896 0.01025 
 2454794.860584 14.75028 0.00991 
 2454794.870191 14.74560 0.01017 
 2454794.889436 14.74164 0.01001 
